1981048
1830358
1741790
1626044
1565432
1522671
1479901
1440618
1403764
1365858
1327641
1290678
1256285
1223937
1192522
1162252
1133184
1105522
1077450
1050851
1026853
1004501
983200
962584
944461
927409
911327
897628
884943
872581
862157
852397
843142
834618
826706
818882
812038
805747
799730
794108
788762
783705
777804
772166
766952
760969
755836
750741
745348
739986
734233
728305
721598
714565
707270
699313
690875
681966
672539
662378
651931
641027
629841
617942
605982
594250
582837
571618
561246
551037
540820
530995
520877
510957
501011
490995
480421
469605
458404
447613
436295
425259
415956
406292
395468
384946
371296
360135
346302
323228
261305
238074
229229
221337
211063
197296
184816
172271
154467
126038
