1193405
1108014
1052965
985838
952355
925686
896428
871488
848915
826210
803947
783067
763034
744386
726477
708975
692246
676459
661327
646416
633345
621058
609766
598572
588610
579097
570253
562639
555641
548435
542353
536802
531227
525792
520736
515550
511004
506932
502949
499149
495505
492156
487712
483879
480142
475590
471912
468335
464540
460551
456511
452192
447397
442309
436955
431305
425324
419081
412489
405522
398294
390973
383534
375750
367841
360156
352652
345801
339511
333322
327395
321272
315173
309171
303146
296245
288487
280630
272278
264384
254819
245862
238450
230286
220560
211818
201757
193990
184729
169598
125712
110286
106071
102781
98676
92992
87996
82510
73422
60075
