1458507
1373305
1307192
1217925
1178173
1145904
1109485
1078845
1051309
1022968
994443
968165
943730
920859
899318
877732
857397
837467
818514
800251
783929
768850
754864
740969
728794
717455
706782
697643
689423
681233
674194
667614
661178
655086
649442
643793
638881
634284
629681
625091
620920
616993
612059
607632
603154
597771
593240
588770
584129
579095
573787
568274
562292
555942
549060
541839
534347
526402
517782
508701
499286
489699
480138
470240
460235
450561
441482
433013
425372
418065
410980
404112
397138
390426
383593
376846
369089
360711
350204
340135
326609
314614
307437
299443
288869
278733
264258
254144
241958
221158
161363
141459
136346
132145
126549
118896
112601
105840
95309
77384
