1812220
1657603
1576355
1472212
1415575
1375907
1338289
1303003
1269716
1235692
1201406
1168663
1137361
1108259
1079122
1051095
1024529
999008
973507
949116
926983
906388
886650
867335
850730
834913
820134
807590
795567
783806
773929
764662
755918
747947
740435
732860
726393
720437
714743
709304
704257
699439
693962
688698
683708
678036
673137
668173
663322
658460
653064
647593
641782
635698
629219
622100
614838
607178
599117
590401
581480
572066
562314
552113
541328
530950
520711
510736
501305
492022
482611
473220
463759
454455
445191
435077
424741
414885
404531
394820
384194
374576
366136
356908
346923
337766
327418
317769
306168
288655
238048
218246
209735
201755
191776
178207
165410
152858
136875
111443
