2001897
1885591
1790252
1690707
1633888
1588213
1533134
1487310
1446550
1406037
1366797
1330878
1297221
1265328
1235237
1206481
1179455
1154133
1129973
1107082
1086251
1066622
1048403
1030884
1015421
1000887
987377
975599
964694
954105
944483
935368
926304
917445
908802
900031
892022
884537
877253
870160
863172
856586
849236
842369
835380
827813
820762
813453
806099
798223
790144
781358
771985
762124
751654
740696
729372
717658
705492
692709
679725
666753
653706
640148
626353
613121
600385
588535
577715
567135
556196
544696
533066
522495
511706
497103
479650
462992
445965
430874
412877
395976
382416
366493
346846
330984
312841
298883
281425
255491
186330
159700
153202
148376
142752
134792
127692
119522
105024
86380
