1397226
1315141
1252793
1171376
1133632
1101483
1065306
1034378
1006928
979307
951588
926034
902015
879893
858707
837494
817473
798348
779934
762448
746354
731786
718506
705188
693513
682519
672212
663276
655487
647597
640923
634737
628345
622502
617294
611712
606829
602145
597795
593424
589217
585235
580091
575554
570999
565741
561024
556277
551408
546408
541174
535717
529861
523679
517147
510047
502711
495173
486927
478284
469463
460495
451358
442017
432612
423732
415280
407631
400522
393874
387393
380934
374271
367844
361558
354999
346601
337756
326121
315886
302092
290932
283952
275903
265189
255261
242173
232879
221704
202459
146334
127986
123229
119269
114128
106967
101021
94379
84581
68471
