1359314
1258876
1195260
1118079
1078771
1048719
1016742
988402
962895
937102
911489
887458
864795
843829
823643
804186
785527
767999
750613
734041
719256
705258
692290
679583
668290
657445
647359
638763
630586
622578
615726
609196
602753
596411
590674
584929
579908
575219
570722
566319
562107
558234
553342
548909
544683
539750
535716
531622
527480
523143
518601
513842
508623
502879
496825
490577
483989
477103
469834
462042
454090
445859
437580
429006
420139
411572
403224
395453
388181
380990
373967
366908
359825
352774
345900
338138
329270
320553
311610
303191
293195
283639
275608
266530
255414
245921
234854
225939
215336
198764
153013
136111
130871
126594
121490
114514
108111
101159
90045
73988
