1354171
1277090
1215205
1135919
1099844
1067848
1031053
1000609
973561
946648
919965
895130
872214
850923
830337
810115
791075
772782
755494
738950
724002
710358
698140
685737
674941
664697
655221
646931
639605
632099
625942
619982
614047
608339
603130
597786
593117
588693
584302
580048
576054
572144
567062
562693
558168
552787
548237
543727
538916
533854
528567
523166
517376
511142
504755
497946
490925
483550
475620
467264
458680
449959
441253
432410
423288
414607
406467
399165
392581
386291
380040
374022
367726
361724
355565
349046
340358
331501
320078
309830
294768
282647
275533
267050
255755
245382
232178
223053
212289
192780
135223
117557
113393
110075
105586
99440
94485
88761
79654
64773
