2203001
2071886
1977826
1866775
1805530
1751289
1691657
1639936
1592669
1546565
1501617
1460054
1420316
1383309
1348462
1314027
1281504
1250980
1221835
1194238
1169609
1146826
1125407
1104944
1086863
1069617
1054069
1040754
1028555
1016652
1006320
996801
987502
978851
970616
962300
954729
947419
940468
933515
926813
920176
912495
905223
898050
889899
882049
874133
866184
857524
848398
838954
828851
818166
807161
795510
783421
770846
757667
743713
729730
715349
700742
685761
670608
656237
643031
630904
619973
609708
599549
589755
579593
569936
560302
550106
535768
521126
501512
484130
458505
438815
427358
413725
394728
376714
356635
342549
325131
294341
196734
167327
160587
155207
148285
138071
129756
120759
107956
86716
