1305808
1194792
1133098
1050916
1008659
980306
952780
927599
904025
879733
855162
831876
809834
789330
768692
749018
729835
712128
694300
677171
661648
647624
634116
621166
609803
599093
589172
580593
572262
564418
557929
551874
545852
540247
534910
529630
525217
521210
517520
513830
510228
506823
502554
498552
494782
490316
486686
483092
479465
475797
471713
467755
463238
458534
453504
448136
442710
436702
430447
423681
416992
409853
402572
394963
387159
379764
372377
365198
358303
351652
344894
338704
332161
325641
319148
312534
305495
298626
291630
284981
278166
271490
265332
258709
251099
244324
236485
229027
219911
206446
171004
156587
149964
143730
135846
125938
116631
107905
95858
77702
