1772789
1661116
1571854
1476506
1427864
1386534
1337132
1296682
1260740
1224965
1190304
1158682
1128745
1100071
1072578
1046185
1021412
998258
976193
955473
937421
920049
904331
889217
875467
862901
851079
840894
831562
822477
814470
806864
799285
791902
784726
777587
770972
764612
758453
752441
746119
740257
733564
727196
720648
713463
706898
700323
693371
686294
678663
670809
662448
653639
644632
635196
625482
615552
605079
594203
582995
571783
560474
548757
536993
525536
515058
505470
496865
488498
479847
470770
461808
453523
444826
432626
418149
404594
388979
375097
355840
340037
328838
315032
298269
283619
266168
253731
239050
215035
146199
124878
119632
115567
110524
103710
98125
91248
79977
64316
