1889499
1733788
1645230
1530619
1470077
1428199
1387912
1351303
1316975
1281708
1245975
1211278
1178689
1148423
1117923
1088717
1060535
1033907
1007141
981660
958939
937843
917201
897474
879996
863438
848241
835059
822726
810773
800591
791211
782133
773866
766170
758649
752049
745976
740254
734605
729491
724548
718958
713654
708559
702690
697725
692720
687643
682452
676953
671305
665181
658840
652088
644887
637273
629038
620582
611725
602501
592900
583072
572922
562497
551974
541958
532149
522556
513233
503865
494405
484681
475324
465624
455855
445554
435232
424682
414589
403682
393730
384924
375800
365561
355939
343779
333791
322046
303466
257308
237182
228027
219652
208739
194281
180622
167624
150311
122336
