1588694
1499823
1428155
1351902
1306146
1264850
1216085
1175157
1139354
1104924
1071863
1042522
1015240
989851
965576
942858
921467
901761
883362
866017
850486
836026
822770
810167
798880
788478
778948
770529
762783
755226
748341
741911
735508
728929
722455
715823
709769
703640
697748
692030
686035
680379
673434
667194
660997
653737
647251
640482
633546
626513
619099
611327
603052
594550
585808
576658
567492
558232
548475
538263
528235
518041
507963
497592
487203
477546
468439
460228
452691
445641
438214
429997
421831
414589
406623
394348
378305
363538
345760
331092
310374
295569
285597
272092
254489
239691
225432
215114
201635
180316
118567
98584
94320
91295
87542
82599
78554
73687
65186
53033
