2286508
2141885
2045195
1919660
1854958
1799751
1741510
1689134
1640252
1592246
1544816
1500774
1458414
1418625
1380345
1343195
1307905
1274494
1242935
1212390
1184922
1160076
1136727
1114443
1094813
1075753
1058521
1043837
1030468
1017471
1006558
996405
986543
977556
969270
960924
953309
946244
939342
932716
926372
920268
913136
906340
899664
892055
885095
877835
870320
862519
854108
845354
835968
825865
815279
804023
792288
779891
766887
752852
738492
724151
709582
694536
679306
664794
651194
638904
627986
617482
607342
597406
587403
577567
567853
558214
546529
534340
518647
504138
484078
467175
456967
445339
429295
413075
393381
378121
359834
328645
231135
202805
195055
188072
178711
166001
155104
144049
128795
103048
