1890421
1780459
1689437
1596856
1543838
1499348
1445324
1401300
1362946
1324781
1287495
1253594
1221856
1191969
1163299
1136216
1110368
1085965
1063176
1041426
1021530
1002723
985689
969329
954728
941074
928435
917421
907340
897279
888232
879595
871109
862429
854205
845849
838404
831026
824073
817321
810691
804516
797423
790774
784040
776695
769942
763061
756099
748663
740904
732799
724101
714726
704988
694809
684285
673605
662365
650780
638886
626781
614693
602237
589841
577575
566027
555202
545142
535270
525209
514498
503512
493405
483209
468973
451971
435991
419852
405237
387682
372185
359230
343929
325246
310211
293637
280548
263923
239767
175307
150271
144066
139701
134473
127156
120717
113321
99753
82266
