1924068
1761907
1675443
1564447
1505273
1464041
1424607
1387625
1353057
1317055
1280729
1245468
1211989
1180546
1149124
1118559
1089709
1062050
1034076
1007224
983081
960636
938698
917617
899179
881811
865695
851903
838545
825979
815334
805570
796174
787619
779635
771897
765121
758993
753156
747743
742558
737650
732229
727029
722089
716481
711577
706793
701945
696953
691637
686170
680041
673669
666902
659533
651761
643284
634556
625291
615630
605598
594905
583825
572469
561648
550616
539866
529800
519928
510164
500411
490389
480699
471119
461427
451763
442018
432303
422734
413134
403470
394849
385799
376024
366887
355362
345072
332653
312930
260111
238575
229248
220525
209627
194658
180788
167173
149568
121278
