2265271
2134797
2041219
1930354
1867490
1809666
1746241
1690158
1639383
1590255
1542506
1499016
1456604
1417527
1379979
1343295
1308596
1276198
1245751
1217026
1191278
1167559
1145739
1124577
1106033
1088588
1072985
1059483
1047115
1035134
1024875
1015170
1005952
997149
988665
980132
972244
964763
957271
949981
942846
935917
927970
920034
912070
903276
895198
886846
878187
869132
859421
849281
838744
827407
815944
803885
791318
778458
764774
750521
735909
721485
706903
691836
676690
662358
649163
636987
626095
615887
606080
596220
585909
576285
566612
555681
539714
523759
502433
484397
457878
438652
427590
413315
394151
375661
356375
341948
324116
294127
197763
168484
161687
156163
148731
138199
129634
120711
108085
86741
