2207048
2036488
1940060
1817655
1749807
1699799
1650825
1605152
1562407
1519448
1476110
1434428
1395001
1358791
1322863
1288323
1255251
1224237
1193298
1163430
1136756
1112020
1088365
1065710
1045810
1027217
1009506
994508
980304
966628
955199
944431
934162
924789
916020
907392
899836
892716
885901
879429
873338
867577
861019
854618
848507
841830
835912
829878
823781
817370
810669
803658
795888
787895
779492
770240
760643
750623
739980
728408
716742
704498
691984
678766
665410
652229
639376
627095
615581
604501
593352
582385
571181
560354
549408
538121
526082
513800
500472
488150
474860
462415
452266
441438
428999
417072
402594
390224
375287
350291
280194
254612
244798
235591
224012
208462
194315
180108
161505
130780
