3563768
3322275
3166495
3001868
2897660
2808728
2715262
2629438
2549325
2471945
2397407
2329460
2264864
2204658
2147243
2092020
2039786
1991852
1946178
1903130
1864603
1828823
1795824
1764041
1736002
1710544
1687210
1666831
1647801
1629597
1613776
1598810
1584283
1570589
1557469
1544291
1531657
1519752
1508261
1496937
1485256
1473936
1462393
1450547
1438529
1425903
1413552
1400414
1386745
1372471
1357211
1341214
1323909
1305656
1286789
1266846
1246291
1224936
1202593
1178962
1155373
1131496
1107393
1082432
1058131
1034716
1012561
992211
973733
956550
939139
920770
902966
886019
869079
847697
822497
798367
771545
747560
715270
688368
669238
644847
612250
582385
555429
532628
502627
456699
308395
261993
250173
240453
228850
212779
198323
182942
160727
129179
