1408619
1328344
1262919
1185321
1146919
1113969
1075596
1043561
1015618
987494
959911
934504
910680
888281
867190
846551
827015
808539
791167
774547
759618
745930
733290
720911
709935
699633
690166
681903
674501
667033
660580
654479
648340
642377
636680
630773
625482
620561
615790
611399
606872
602531
597325
592589
587813
582220
577432
572572
567483
562140
556433
550542
544112
537217
530195
522667
515005
507026
498530
489467
480503
471202
461869
452296
442601
433463
424763
416751
409511
402657
395885
389003
381915
375224
368523
360738
350742
340780
329181
318578
303719
291490
282959
272639
259586
248109
234996
225156
213196
193146
135537
116788
112439
109090
104901
99075
94267
88764
79276
64822
