3796937
3427151
3164669
2972523
2871505
2808372
2737814
2666020
2598805
2520292
2452716
2391199
2340978
2294495
2245485
2197309
2148780
2104162
2060390
2020026
1981987
1945393
1910415
1877867
1847722
1821579
1795909
1774317
1754078
1735379
1718720
1703647
1688840
1674982
1660143
1647827
1636443
1626166
1614721
1604987
1587974
1575457
1563287
1550817
1538433
1526104
1513904
1501662
1490290
1477519
1463256
1447529
1432213
1416648
1401454
1385993
1369683
1352221
1334338
1316003
1298073
1280096
1261682
1242796
1223905
1204036
1184116
1163977
1144818
1125642
1106060
1085548
1064138
1043336
1021963
997240
969925
945936
921188
898172
874452
849367
820780
796195
767555
739548
715890
687131
656005
624648
544344
514251
492230
474957
450402
426403
398440
370005
320243
264170
