1621141
1527303
1452266
1365657
1320851
1282205
1236708
1199080
1165734
1132579
1100282
1070768
1042292
1015547
990479
965752
942444
920526
899809
880186
862334
846243
831229
816782
803836
791740
780820
771138
762290
753781
746237
739313
732531
725781
719351
712854
707161
701558
696301
691210
686016
681157
675240
669963
664512
658407
652933
647348
641559
635484
629146
622341
615085
607211
599182
590479
581539
572192
562349
551980
541550
531026
520332
509236
498174
487867
477976
468873
460695
452855
444889
436794
428607
420805
413030
403513
391425
379540
366173
354366
338916
325896
317022
306371
292429
280062
265489
254727
241515
219357
155588
133823
128695
124669
119441
112162
106088
99283
88243
72078
