1582237
1477490
1405100
1314267
1269902
1233409
1193017
1158031
1126142
1094852
1064312
1036025
1008803
983060
958765
934733
911827
890103
869335
849436
831641
815069
800200
785261
772380
759909
748436
738577
729586
720800
713549
706575
699722
693109
686774
680589
675089
669893
665014
660249
655595
651065
645561
640580
635516
629726
624692
619650
614291
608640
602787
596709
590171
583245
575816
568095
560042
551552
542613
533193
523443
513644
503577
493084
482740
472727
463202
454432
446650
439084
431896
424627
417433
410580
403439
395994
386685
377050
364630
353419
337580
324542
316442
306994
294256
282414
267519
257257
244750
222712
158244
138220
133125
129079
123618
115954
109660
102490
91743
74523
