2338963
2187206
2064859
1954496
1891341
1832477
1759996
1701689
1648383
1596707
1548324
1505440
1466007
1429701
1394838
1360598
1328457
1299126
1271739
1246357
1223391
1201710
1182230
1163177
1145803
1130424
1116205
1103654
1092260
1081362
1071502
1062286
1052990
1043710
1034231
1024920
1016256
1007396
998723
990189
980169
971277
961435
951683
941210
930501
920377
910252
899535
888446
876930
864573
851741
838702
825775
812337
798844
785330
771627
757553
743358
729397
715111
700773
686542
672831
659979
648160
637450
627187
616552
604198
591558
580636
569095
550183
524443
501803
475036
452767
420563
398669
383810
363872
338331
316920
298083
283822
266571
239725
159838
136915
131047
126405
120546
113288
106779
97693
81510
64666
