1417940
1326401
1255838
1180840
1140593
1110092
1073677
1043784
1017840
991202
965076
940499
916936
894841
873600
853329
834019
815806
798239
781455
766280
751789
738507
725483
713970
703237
693160
684372
676146
668284
661173
654509
647858
641386
635077
629065
623556
618340
613228
608480
603764
599382
594151
589446
584760
579333
574653
569997
565288
560347
555134
549425
543404
536910
530161
523184
515806
508227
500178
491632
483080
474224
465242
455848
446366
436938
428078
419703
411962
404294
396369
388084
380104
372610
364879
355245
344464
333877
322929
312594
301520
289853
279763
268894
255932
245472
232394
222439
210319
192573
146450
128014
122689
118864
114257
107950
102419
95814
84203
69437
