1942968
1827057
1736035
1641194
1586400
1538964
1483402
1436899
1395575
1354878
1316163
1280953
1247976
1217275
1187827
1159720
1133188
1108319
1084657
1062485
1042348
1023445
1006056
989427
974677
960798
948163
937029
926691
916511
907641
898946
890637
882095
873812
865430
857985
850703
843803
836850
829839
823234
815856
808899
801839
794098
787053
779869
772308
764506
756223
747461
738283
728493
718146
707365
696428
685184
673562
661190
648738
636151
623527
610560
597543
584882
572896
561967
551758
542013
532059
521527
510789
501015
490902
476930
459313
442746
425675
410454
392128
376381
364151
349206
330496
315297
299071
286400
269692
244301
175016
148810
142536
138070
132722
125112
118513
110992
97382
79847
