2104409
1985239
1893010
1786569
1726631
1673487
1614198
1562835
1516242
1470457
1426385
1386227
1348484
1312870
1278908
1245888
1214984
1186346
1159253
1133619
1110592
1089212
1069631
1051256
1034822
1019558
1005843
993829
983029
972286
962761
954037
945316
936969
928930
920819
913597
906287
899384
892591
886073
879371
871786
864608
857395
849190
841828
834166
825967
817243
808356
798813
788605
777981
766821
755157
742980
730504
717468
703895
689908
675984
662019
647651
633274
619834
607271
595871
585530
575756
565761
555132
544855
535388
525569
511696
495001
479129
460724
444837
423108
405151
393225
378144
358374
341026
322962
309229
291404
262637
177177
151170
144745
139503
132968
124011
116411
108337
95686
77257
