566868
526479
495937
469804
450171
433165
420058
409474
399092
391204
381720
373775
366072
358649
350547
343154
335388
327313
319068
310859
301970
293494
285746
278059
270883
264869
259161
253603
248707
244062
239695
235581
231563
227728
224016
220337
216748
213360
209989
206681
203320
200069
196932
193909
190967
187705
184632
181784
179040
176205
173384
170700
168109
165465
162859
160297
158021
155705
153452
151131
148951
146753
144561
142403
140117
137915
135572
133087
130760
128198
125571
122583
119957
116468
111637
108321
105373
102677
100265
98170
95992
93628
90705
87863
85097
82113
78704
74944
70907
66692
62335
57743
52324
47688
44686
40939
35903
29299
17402
9578
