1168076
1097006
1041549
991495
950766
915211
887608
865217
845730
827027
805994
785202
765002
745674
726680
707756
688356
668124
647976
627526
606528
586472
567731
549731
533236
518660
505109
492212
480571
469670
459648
450430
441893
433809
425930
418451
411045
403469
395972
388261
380688
373281
366340
359767
353397
346709
340528
334649
328838
323003
317108
311091
305271
299756
294447
289250
284190
279323
274293
269064
264092
259278
254666
249918
245241
240735
236181
231491
226735
221714
216601
210668
204502
195849
183042
173920
166609
160236
155123
150219
145544
140612
134816
128812
123139
117084
110190
103011
95334
87305
78911
70087
59951
51645
47246
42595
36591
29307
18820
10320
