855484
801524
763314
730012
705002
683464
666677
652431
639188
628051
615766
605314
595041
585342
574229
563666
552073
540097
528436
516836
504790
492880
481574
470311
460132
450665
441999
433390
425472
417955
410903
404033
397745
391532
385548
379716
374083
368520
363041
357729
352502
347308
342119
337321
332498
326861
321855
317220
312657
308036
303643
299131
294823
290553
286292
282162
278162
274353
270665
267049
263544
259959
256509
252951
249363
245657
241783
237814
233782
229511
225080
220252
215639
209276
200105
194426
189113
184688
180627
176902
173274
169359
164539
159767
155292
150128
144384
137797
131048
124071
116852
109162
99571
92158
86555
79575
70257
57533
32767
18033
