1006380
941444
897644
858473
829009
803956
784829
768872
753494
740578
726094
713296
700402
688432
674967
662157
648590
634546
620396
606192
591588
577194
563459
549928
537435
526031
515680
505481
496051
487220
478936
471002
463278
456062
448722
441674
434819
428185
421740
415391
408998
402793
396640
390638
384743
378448
372478
366856
361374
355794
350280
344908
339634
334500
329428
324630
319925
315426
310855
306306
301881
297530
293365
288968
284516
280012
275549
270947
266174
261195
256048
250454
244875
237346
226353
219053
212886
207389
202623
198116
193752
188970
183407
177676
172329
166611
159922
152477
144277
136009
127392
118087
107022
97664
91567
83849
73726
59972
36057
19768
