680910
635961
604922
578321
558485
541589
528408
517293
506183
497299
487110
478842
470457
462700
453546
445190
436229
426744
417618
408347
398656
389137
380265
371197
362948
355507
348609
341705
335551
329621
323929
318522
313420
308529
303757
299169
294749
290393
286161
281984
277702
273599
269753
265766
261951
257652
253586
249900
246342
242710
239159
235575
232088
228722
225415
222183
219039
215969
213113
210204
207370
204519
201670
198753
195835
192942
189957
186813
183632
180250
176897
173162
169499
164537
157739
153195
149041
145401
142368
139465
136640
133465
129753
125934
122402
118357
113891
108733
103242
97695
92110
85858
78255
72030
67662
62172
54826
44843
26088
14384
