457359
418007
389797
367272
350280
335669
325309
316597
307613
301234
293116
286253
279427
273250
266711
260930
254907
248658
242549
236247
229208
222883
217115
211272
205768
201163
196989
192618
188933
185471
182267
179034
176117
173085
170243
167489
164812
162167
159505
156912
154350
151660
149223
146876
144510
141752
139296
136886
134642
132418
130338
128261
126183
124107
121997
119907
117889
115916
113938
112000
110145
108365
106582
104826
103040
101308
99518
97635
95773
93764
91683
89209
86956
83864
79270
75967
73746
71603
69916
68337
66765
65107
63108
61082
59264
57362
55128
52696
49936
47107
44004
40557
36468
33082
30959
28181
24642
19654
11481
6339
