516312
474295
443701
418703
400508
384698
373022
363283
353328
346000
336823
328950
321019
313644
306073
298991
291785
284439
277053
269547
261356
253799
246805
239837
233565
227937
222664
217637
213221
209142
205228
201724
198130
194710
191356
188162
184947
181833
178668
175591
172495
169504
166601
163837
161125
158145
155419
152853
150279
147733
145292
142838
140472
138174
135766
133419
131106
128937
126655
124417
122202
120099
118107
116014
114054
111997
109970
107909
105772
103438
101112
98517
95951
92459
87167
83249
80642
78279
76332
74501
72741
70843
68569
66286
64139
61823
59164
56162
52955
49521
46009
42273
37945
34245
31998
29113
25338
20243
11979
6449
