825946
768618
725354
685683
655846
629318
609446
593310
578681
566503
552776
540629
529005
517932
506086
495022
483494
471930
460434
448633
435951
423150
411515
400043
389604
380268
371945
363491
355816
348697
342092
335793
329796
323943
318231
312836
307409
302150
296833
291795
286702
281780
277096
272611
268205
263264
258816
254587
250510
246234
242050
237930
233855
229910
226149
222555
219074
215760
212426
209196
206055
202936
199748
196608
193271
190076
186700
183268
179879
176358
172874
169074
165345
160550
154279
149697
145429
141738
138374
135142
132017
128690
124762
120758
116881
112571
107575
102147
96463
90854
85000
78927
71524
65884
61920
56611
49738
40532
23422
12809
