912547
850933
808566
770729
742078
718121
700272
685027
670668
658874
645354
633492
621706
610963
598868
587476
575352
562781
550306
537335
524000
510432
498014
485736
474272
464019
454578
445295
436960
429013
421418
414255
407316
400633
394191
387812
381561
375598
369666
363911
358342
352790
347338
342048
336921
331713
326710
321864
316998
312107
307290
302541
297791
293304
288976
284763
280693
276798
272995
269118
265371
261686
257976
254307
250471
246661
242835
238800
234742
230446
226071
221526
216895
210781
202429
196301
190975
186258
182186
178350
174546
170528
165725
160701
156081
150998
145247
138731
131809
124533
117111
108878
98753
90397
84845
77719
68461
55809
32801
18346
