389706
356996
332545
312716
298309
285733
276446
269125
261262
255771
249005
243275
237694
232327
226573
221531
216234
210810
205622
200208
194118
188325
183312
178307
173526
169712
166035
162194
159053
156066
153316
150675
148110
145561
143141
140789
138561
136216
134034
131922
129866
127763
125663
123706
121735
119501
117444
115580
113760
111954
110200
108419
106726
104981
103231
101436
99758
97934
96230
94555
92904
91434
90018
88511
86950
85462
83933
82361
80697
78909
77056
74992
73048
70234
65700
62414
60372
58522
57154
55790
54542
53135
51386
49633
48083
46488
44655
42529
40192
37832
35289
32594
29168
26357
24674
22459
19609
15902
8854
5000
