356269
327997
306560
289668
277079
266374
258226
251582
244603
239911
233861
229016
224301
219705
214783
210427
205702
200929
195986
191059
185605
180591
176062
171447
167114
163501
160177
156663
153852
151205
148701
146256
143894
141708
139505
137403
135353
133313
131294
129352
127432
125581
123645
121812
120053
118026
116133
114354
112646
111003
109364
107787
106234
104569
103001
101382
99832
98348
96890
95487
94126
92710
91378
89990
88563
87186
85750
84274
82709
81051
79450
77542
75845
73437
70038
67699
65856
64188
62838
61494
60223
58731
57035
55314
53726
52018
50046
47926
45543
43075
40418
37681
34217
31227
29387
27109
24005
19714
11214
6563
