385047
353025
329219
310149
295736
283115
273793
266325
258562
253052
246356
240756
235297
230050
224424
219426
214094
208795
203354
197930
191666
185987
180845
175739
170695
166690
162851
159061
155765
152751
149886
147142
144603
142051
139618
137297
134915
132544
130175
127913
125748
123587
121549
119598
117694
115539
113640
111756
109904
108126
106269
104466
102675
100974
99210
97524
95818
94142
92533
90994
89483
88036
86576
85124
83620
82087
80675
79195
77648
76050
74363
72578
70765
68352
64705
62096
60241
58566
57148
55807
54457
52999
51353
49754
48131
46357
44369
42152
39764
37256
34719
32068
28899
26224
24479
22333
19451
15718
9277
5098
