980782
916124
872158
832842
803459
779107
760983
745377
730953
718520
704635
692883
681273
670528
657968
646102
633376
620433
607168
593940
579817
565720
552332
539222
526948
516045
506107
496196
487280
478804
470866
463001
455610
448610
441810
435033
428534
422200
415983
409874
403833
397861
392069
386509
381011
375080
369453
364039
358771
353406
348191
343101
338087
333190
328442
323752
319277
315024
310743
306510
302413
298332
294406
290358
286212
282089
277874
273457
268882
264205
259348
254316
248894
241515
230877
224117
218235
213090
208679
204506
200599
196194
190846
185579
180572
175117
168916
161906
154281
146538
138464
129238
117761
108746
102446
94282
83363
68656
39441
22534
