1233327
1159249
1106279
1057607
1020242
987915
962943
942404
923847
906710
887693
870424
853347
837099
819596
802605
784499
765429
746317
726986
706607
686798
667838
649705
632930
617912
604161
590881
578678
567236
556471
546251
536551
527361
518463
509698
500967
492414
484197
475909
467797
459788
452106
444819
437447
429980
422937
416264
409607
402882
396124
389513
383048
376874
370971
365543
360321
355266
350177
345147
340220
335388
330565
325529
320549
315598
310538
305454
300257
294959
289682
284123
278713
272084
263349
256742
250233
244327
238709
233482
228315
222963
216859
210734
203976
196779
188524
179275
169452
159275
149099
138817
127371
117423
110159
101185
89651
73151
44490
24313
