858603
837828
830609
764798
759925
747485
734722
729177
701765
672491
652089
602189
581216
564782
541930
524042
507701
494084
477719
463788
439187
420672
402894
379694
361747
347735
334920
325419
318363
312030
307196
303211
299865
297081
294546
292096
289520
286493
283837
281364
279112
277256
275589
274036
272737
271472
270322
269222
268334
267200
266032
264917
263594
262397
261070
259911
258750
257509
256092
254458
252330
250074
247969
245783
243546
241535
239348
236888
234526
231877
229137
226039
222472
218860
215144
210700
206005
201083
195590
190173
184759
179584
174306
169343
165053
160543
155997
151803
148176
144050
138988
133948
129040
123063
116375
106703
94607
86086
76788
55351
