930341
908177
902454
837189
832780
820803
806970
801440
771909
741298
722040
659177
641616
625314
599373
582259
565230
550813
533076
518984
495128
475469
456650
432002
412338
395842
379306
365787
355189
346018
338459
332189
326773
322102
318052
314326
310821
307264
303575
300255
297317
294668
292156
289829
287816
285900
284203
282555
281188
279826
278546
277318
275868
274526
273192
271881
270516
269146
267718
266170
264288
262173
260112
257909
255785
253865
251895
249853
247909
245758
243520
241148
238340
235286
232036
228116
223962
219542
214719
209700
204588
199541
194780
189950
185079
180089
175681
171804
168419
164670
160114
155084
149925
144445
137476
129500
118827
107025
96470
71509
