954056
929040
920621
839809
834099
819412
803591
797063
763248
732324
710877
648628
626866
608038
579831
559550
540848
525771
508592
493797
470426
451192
432843
408027
388806
373096
357769
345468
336171
328122
321793
316589
312046
308305
304959
301877
298786
295342
291887
288710
285857
283447
281170
278964
277107
275439
273862
272359
271154
269736
268377
266976
265300
263740
262190
260676
259202
257720
256207
254502
252318
249935
247731
245351
243070
240919
238722
236368
234181
231695
229189
226579
223483
220302
216946
212873
208568
203942
198922
193879
188834
184006
179205
174466
170038
165220
160572
156338
152355
148035
142468
136877
131311
125017
118090
108664
97763
89086
78757
56037
