638496
615732
607935
531277
525407
511942
498808
492932
470984
448944
431355
398725
379693
365969
348849
333529
321140
310607
299617
289814
275196
263871
253109
239109
228416
219953
211921
205749
201300
197123
193857
191242
188903
186843
185075
183362
181569
179532
177673
175840
174193
172820
171479
170238
169095
168015
166994
166040
165173
164107
162980
161912
160717
159567
158412
157368
156420
155400
154272
153027
151504
149848
148278
146498
144722
143014
141181
139163
137335
135387
133212
131195
128888
126551
124189
121464
118756
115676
112378
109103
105723
102457
98968
95430
92777
89565
85894
82550
79581
76231
72007
68144
64583
60340
55742
49325
42000
38065
32357
21086
