819768
789977
779130
675334
667225
649111
632477
624711
597910
569625
546022
503693
479398
462292
440192
421079
405583
392730
379278
366906
349164
335593
322022
304837
291903
281591
271717
264377
258909
253726
249438
246000
243002
240319
237977
235830
233564
231059
228756
226451
224457
222822
221179
219528
217994
216604
215249
213957
212758
211240
209664
208303
206650
205116
203687
202318
201036
199735
198290
196733
194786
192634
190564
188296
185848
183440
180770
178008
175366
172737
169989
167213
164276
161223
158178
154687
151177
147254
142872
138553
134181
129891
125073
120163
116448
112203
107107
102633
98880
94963
89976
85285
81033
75857
70146
62420
53242
47562
40660
26814
