1399964
1365624
1354313
1239570
1231599
1211174
1189650
1180400
1133418
1085892
1052425
962156
930378
904198
866536
838956
812860
791417
765246
744074
706866
678271
651562
615645
587409
564401
542341
525255
512367
501058
492445
485192
478810
473608
469188
464774
460395
455475
450741
446347
442396
438918
435758
432774
430160
427872
425729
423743
422028
420002
418033
416228
414051
411940
409709
407680
405656
403553
401255
398602
395396
391850
388488
384862
381492
378176
374740
371145
367722
363838
359832
355632
350653
345498
339912
333243
326177
318507
310409
302169
293876
285937
278027
270457
263598
256207
248990
242758
236976
230536
222749
214869
206976
198078
187689
172988
154986
141273
126257
91955
