975567
950866
942569
866019
860565
845777
831139
824514
795001
763084
741941
688442
663964
643809
614989
593967
575300
559864
541817
525901
500407
479720
457921
430733
409812
393597
378398
366517
357748
350130
344072
339201
335002
331549
328394
325414
322358
318902
315617
312566
309805
307517
305344
303352
301687
300185
298718
297379
296225
294861
293465
292131
290627
289172
287671
286206
284799
283295
281710
279907
277694
275242
272897
270370
267895
265619
263226
260717
258332
255563
252646
249624
246150
242601
238735
234341
229423
224342
218730
213042
207486
202143
196728
191604
186897
181922
176964
172517
168451
163936
158500
152877
147292
140686
133085
123065
110071
100609
89471
65292
