1178374
1147167
1135483
1027528
1019431
999873
979997
971555
929569
889326
858883
781119
751510
728449
696552
671520
648377
629736
608160
590238
559509
536428
515173
486811
464509
446330
429016
415581
405665
396923
390164
384490
379732
375736
372139
368877
365416
361310
357474
353893
350770
348053
345502
343055
340948
338978
337139
335423
333983
332207
330418
328697
326717
324735
322736
320824
319063
317225
315324
313132
310348
307192
304335
301330
298310
295495
292455
289243
286261
282965
279475
275807
271489
267237
262681
257268
251698
245692
239209
232439
225850
219642
213172
206978
201518
195706
189722
184333
179195
173582
166527
159370
152522
144557
135441
123238
108439
99208
87013
60651
