575661
559400
552754
498710
494745
484205
473558
469038
450432
431868
418478
390822
374212
362022
345280
330916
319290
309717
299452
290095
275892
264506
253298
237924
226015
216748
208348
202488
198177
194276
191179
188767
186685
184976
183481
181972
180310
178271
176454
174779
173267
172078
170999
169928
168997
168131
167390
166673
166051
165151
164252
163397
162324
161368
160422
159509
158739
157885
156920
155741
154317
152751
151276
149763
148142
146658
144927
143120
141436
139675
137738
135655
133353
130921
128445
125732
122679
119435
115947
112411
109070
105974
102571
99177
96400
93619
90302
87337
84687
81790
78093
74464
71040
67039
62489
55545
47279
43033
37227
24973
