779781
763886
758920
706518
703170
694826
684866
680699
653068
625384
606015
546667
530583
516820
496063
482053
467894
456968
443128
432093
410216
393304
378588
357888
341414
328452
315849
306062
298830
292490
287518
283317
279759
276919
274379
271982
269617
266754
264078
261603
259403
257549
255910
254309
253030
251794
250571
249522
248635
247614
246585
245653
244507
243483
242265
241122
240010
238856
237616
236177
234337
232353
230443
228478
226670
224877
222982
221057
219169
217042
214789
212285
209373
206454
203182
199352
195299
190935
186216
181388
176495
171920
167435
163149
159138
154955
151155
147695
144500
140974
136710
132234
127647
122459
116420
107941
97193
88501
79705
59049
