1012598
987778
977043
891640
884902
866672
850160
842160
812141
776824
751593
701529
673388
652450
625095
602021
582472
566040
547131
530268
504183
484011
463965
438014
418221
402591
388887
378546
371070
364296
358921
354473
350755
347441
344471
341708
338671
335284
332192
329324
326818
324769
322910
321123
319573
318188
316736
315476
314296
312800
311220
309882
308164
306616
305034
303559
302154
300648
298921
296968
294378
291570
288927
286164
283328
280488
277499
274189
271037
267660
264054
260191
255749
251294
246682
241169
235306
229161
222489
215811
209226
202863
196208
189519
184050
178317
171933
166157
161259
155908
149791
143673
137925
131282
123598
112232
98437
87251
77800
55331
