706927
679547
670205
575295
567885
552045
537438
530712
507001
482293
461264
424819
403093
388147
369324
352592
338932
327786
316477
306021
291692
280467
269451
255791
245420
237002
228802
222644
217941
213599
210003
207082
204498
202144
200164
198214
196253
194111
192151
190194
188457
187003
185609
184157
182828
181656
180334
179165
178175
176926
175536
174268
172785
171470
170202
168991
167872
166734
165542
164208
162556
160687
158899
156875
154770
152712
150351
147949
145701
143414
140977
138664
136166
133642
131081
128250
125226
121982
118490
114963
111402
107819
103680
99545
96361
92568
87984
84023
80717
77054
72381
68306
64558
60121
55376
49056
41850
37669
31881
21053
