727296
704386
695572
620631
614722
599864
585906
579763
556922
532972
515875
483249
462200
447024
426834
408874
394754
382953
370403
358395
340784
326697
312851
294466
280296
269242
259179
251957
246816
241989
238120
235124
232586
230431
228570
226618
224404
221894
219643
217560
215673
214117
212738
211385
210250
209192
208158
207164
206335
205195
203984
202892
201595
200362
199195
198083
197112
196021
194849
193438
191623
189626
187734
185780
183803
181896
179701
177332
175183
172855
170269
167724
164824
161935
158894
155405
151637
147741
143429
139007
134608
130577
126172
121516
118077
114291
109761
105820
102372
98709
94342
89932
85765
80837
75341
67107
56792
51265
44519
30352
