2511049
2460202
2443278
2275222
2263940
2229681
2195601
2180445
2096498
1999768
1935113
1740528
1693679
1651449
1585972
1546097
1504434
1470072
1421569
1386009
1311873
1260809
1212812
1149266
1100450
1061894
1024823
995161
971900
952105
935799
921227
908845
898645
889745
881649
873647
865115
856921
849520
842919
837270
831784
826662
822232
818016
814149
810663
807690
804480
801413
798472
795079
791943
788530
785236
781948
778421
774655
770596
765351
759424
753896
747994
742203
736715
730756
724696
718878
712202
705379
697934
689201
680155
670623
659086
646758
633443
618731
603589
588951
574281
559939
545834
532453
518615
505921
494849
484665
473714
460654
447537
434169
419015
399735
376566
345432
312105
283652
217342
