1724900
1680493
1665418
1517461
1506582
1480236
1452045
1439749
1381445
1322339
1279525
1170896
1128734
1095485
1048302
1012047
978908
951680
919569
892748
848225
813766
781145
737611
703251
675802
649669
629225
613849
600477
589985
581392
573823
567627
562302
557131
551770
545714
540084
534646
529762
525680
521890
518276
515234
512410
509747
507202
505056
502481
499930
497532
494805
492174
489460
486894
484350
481706
478844
475662
471640
467354
463245
458802
454464
450348
446118
441469
437309
432697
427780
422612
416436
410288
403690
395652
387104
378247
368641
359026
349224
339906
330520
321573
313270
304517
295783
287942
280615
272658
262781
252962
243196
231829
219073
201399
180076
164756
146431
105730
