467282
457607
454934
431624
430149
425068
419389
417046
403607
388997
380479
358456
348585
340160
327362
318126
310016
302864
293984
286175
271969
260369
248975
233370
221287
211789
203484
197159
192423
188487
185394
182927
180865
179271
177779
176365
174751
172857
171154
169576
168242
167103
166116
165249
164536
163917
163376
162802
162349
161853
161348
160810
160205
159627
158937
158397
157802
157226
156481
155503
154283
153016
151810
150689
149615
148535
147383
146208
145081
143679
142221
140429
138349
136221
133951
131116
128222
125051
121693
118320
115175
112033
109125
106357
103812
101352
99058
96972
95140
93209
90861
88286
85450
82312
78465
72901
65654
61260
55513
41777
