749600
737750
734207
701906
699668
692576
684281
680379
657851
632773
617384
570011
555757
542816
522294
509062
496016
484907
470735
459100
437707
420608
404206
381361
363918
349782
336639
325849
317590
310889
305568
301117
297213
294040
291249
288625
286147
283255
280436
277942
275562
273678
271995
270360
269084
267858
266758
265762
264961
264090
263229
262385
261420
260527
259481
258517
257548
256521
255359
253964
252211
250236
248353
246307
244444
242684
240862
238970
237172
234878
232578
229988
226781
223473
220058
216027
211510
206969
201943
196819
191684
186765
182027
177585
173168
168814
164873
161079
157902
154591
150653
146473
142105
137102
130932
120363
109878
99596
90463
68742
