677074
657545
651549
589261
584823
574402
563407
558712
536378
513754
497876
459659
442514
429136
410326
395461
382311
371505
359397
348625
330677
316649
303100
285532
272044
261408
251360
243835
238362
233326
229384
226193
223558
221414
219503
217619
215583
213204
211018
208963
207175
205637
204240
202912
201785
200754
199749
198866
198083
197125
196159
195180
194076
193011
191959
190953
190010
188982
187888
186669
185086
183381
181737
179981
178198
176643
174869
173062
171283
169436
167446
165255
162761
160296
157668
154532
151349
147993
144051
140197
136304
132644
128799
125113
121921
118516
114858
111667
108765
105548
101476
97531
93566
88934
83547
76311
67349
61255
53911
38497
