2161038
2108649
2090030
1907347
1894326
1860971
1826091
1811047
1733863
1655430
1598350
1442165
1394171
1354425
1296074
1256122
1216924
1185077
1144792
1113260
1055048
1012314
972821
920623
880359
847870
816692
792299
773540
757188
743910
732769
723155
715249
708208
701781
695237
687954
681086
674653
668814
663779
659058
654530
650554
646863
643369
640274
637679
634553
631407
628430
624922
621567
618130
614772
611488
608139
604539
600566
595522
590217
585182
579556
574160
569070
563524
557705
552302
546302
540023
533471
525947
518275
510147
500453
490246
479516
467638
455544
443494
431845
420396
409236
398824
387945
377278
367841
358770
348832
336347
323992
311708
297722
281685
260637
235206
213006
189664
138964
