546710
525820
519058
451974
447035
435741
424608
419770
401007
382657
367818
338980
322910
311516
296352
283428
272594
263786
254905
246479
234333
224715
215149
203021
193737
186393
179447
174159
170195
166598
163680
161368
159354
157592
155973
154482
152920
151166
149556
147990
146541
145363
144150
143026
142057
141084
140142
139310
138546
137631
136662
135781
134797
133797
132775
131888
131054
130223
129261
128280
127000
125664
124346
122894
121333
119931
118361
116781
115385
113808
112077
110460
108587
106665
104789
102446
100059
97571
94816
92032
89181
86473
83431
80506
78133
75397
72301
69567
67129
64481
61090
57957
54956
51466
47668
42337
36291
32847
28009
18519
