1407389
1362112
1345448
1186550
1174193
1146361
1120383
1108635
1058438
1009462
971229
882928
845570
817841
780533
750797
723841
701957
677796
656746
623916
598160
574866
544044
519896
500229
481164
466635
455911
446093
438366
431897
426289
421460
417115
413199
408945
404219
399905
395649
391895
388678
385580
382647
380074
377726
375407
373137
371283
368968
366504
364275
361767
359311
356819
354470
352287
350002
347549
344891
341565
338011
334693
331026
327362
323812
319960
315903
312221
308252
303929
299665
294825
289864
284829
278951
272687
266048
258852
251631
244254
237186
229780
222365
216131
209251
201916
195331
189212
182542
173890
165700
157938
148810
138842
125307
109452
98496
85164
57545
