1035017
1010466
1001655
924323
918725
902546
886172
879197
842530
805057
779093
702583
679785
660664
631302
612112
593631
578805
560246
545091
518084
497631
478549
452992
433060
417286
401673
389249
379698
371330
364789
359241
354377
350302
346704
343492
340324
336755
333384
330134
327319
324744
322419
320138
318262
316561
314894
313393
312162
310689
309252
307909
306337
304809
303237
301655
300197
298645
297049
295272
293044
290541
288096
285452
282996
280643
278120
275515
273005
270204
267355
264284
260648
257080
253187
248591
243581
238437
232584
226749
220929
215271
209726
204491
199511
194159
189199
184556
180312
175556
169583
163795
157926
151147
143538
132359
119752
108750
97530
72170
