743437
719410
710522
630821
624603
609453
595188
588801
564804
539342
520262
483021
460503
444882
424388
406350
391792
379381
366159
354291
336320
322095
308511
290983
277753
267208
257421
250317
245269
240603
236824
233885
231313
229120
227129
225221
223051
220559
218363
216302
214469
212936
211443
210053
208841
207721
206613
205634
204750
203571
202273
201082
199737
198449
197182
196032
194912
193784
192524
191128
189218
187180
185321
183287
181187
179168
176929
174401
172191
169800
167226
164691
161859
158980
156049
152567
148884
145139
140891
136635
132430
128419
124021
119499
116071
112274
107649
103570
100142
96410
91723
87138
83013
77958
72337
64169
54114
49017
41967
27842
