593470
576509
571380
521483
518105
508189
497540
493514
474367
455136
442608
413012
398341
386806
369327
356321
345595
336512
326049
316787
301774
289455
277458
259991
246512
236040
226243
218713
213359
208617
204837
201975
199564
197575
195858
194183
192366
190143
188086
186144
184407
183005
181668
180405
179367
178404
177517
176725
176097
175301
174470
173698
172771
171907
171010
170134
169363
168536
167616
166563
165143
163583
162143
160623
159118
157773
156382
154838
153400
151795
150138
148351
146072
143831
141411
138507
135395
132054
128466
125004
121457
118148
114764
111593
108749
105810
102860
100374
98027
95451
92407
88981
85448
81522
77053
70398
62515
57811
51705
37351
