1018080
994691
985524
903410
897233
881294
865598
858553
826804
790717
766125
712742
686303
665767
639119
616701
597458
581239
562104
545530
516365
494339
473154
445964
424851
408942
394783
384444
376944
370110
364823
360547
356972
354001
351207
348542
345424
342049
338964
336187
333639
331691
329892
328053
326595
325242
323967
322742
321689
320262
318818
317559
315896
314432
312848
311324
309995
308437
306692
304610
302001
299150
296562
293796
291013
288381
285507
282418
279409
276044
272509
268481
264003
259351
254568
248884
243050
236758
229775
223100
216235
209753
203069
196556
191137
185718
179625
174278
169469
164374
158182
151724
145590
138400
130405
118442
103029
93412
82876
58573
