648332
636220
632916
597864
595734
588472
580672
577068
555599
530850
514261
462639
450134
439344
422681
412253
401420
392607
380105
370766
351043
337213
324222
307205
294114
283714
273994
266099
260048
254886
250738
247137
244097
241657
239542
237518
235552
233336
231238
229356
227639
226240
224890
223666
222595
221591
220705
219851
219141
218318
217633
216889
216037
215244
214354
213473
212716
211841
210834
209740
208277
206682
205139
203541
201943
200470
198904
197286
195753
193943
192098
189968
187509
185026
182275
179056
175586
171831
167564
163406
159233
155106
151300
147569
144073
140558
137162
134198
131432
128555
124911
121109
117325
112930
107067
100344
91468
83777
75900
57871
