670915
646786
639102
562153
556352
542240
528949
523034
500991
478424
461216
430219
410990
397045
379158
363801
351557
341161
329658
319474
304154
292122
280431
264579
252355
242665
233594
226720
221733
217087
213330
210434
207891
205651
203727
201907
199901
197667
195589
193716
192001
190551
189186
187838
186612
185515
184391
183404
182539
181482
180357
179266
178078
176879
175674
174645
173668
172614
171506
170226
168599
166820
165118
163277
161442
159641
157689
155625
153755
151672
149457
147189
144838
142361
139835
136811
133651
130182
126506
122795
119057
115419
111599
107777
104842
101432
97507
94103
91162
88041
84169
80332
76756
72422
67519
60731
52718
47502
41482
28719
