654539
638072
633924
586930
583980
575282
565388
561418
540321
517556
503732
467725
453329
441682
423742
411383
400328
391029
378923
368944
350736
336636
322734
302498
287266
275388
264169
255520
249283
243809
239522
235985
233039
230587
228499
226506
224306
221724
219326
217165
215226
213642
212106
210686
209551
208523
207601
206752
206082
205285
204473
203742
202803
201997
201074
200220
199389
198533
197560
196382
194833
193133
191481
189890
188353
186952
185501
183932
182423
180762
178943
176949
174480
172075
169473
166276
162807
159247
155203
151176
147296
143580
139862
136426
133132
129838
126548
123803
121281
118578
115266
111864
108224
104208
99466
92654
84041
77803
70710
53670
