1040192
1010038
998954
893120
885094
866628
848183
840296
802221
767092
740672
671262
646315
626181
596922
574945
554658
538622
520301
504728
480272
460189
441987
417607
398676
383014
367607
355441
346354
338259
331902
326599
321858
317931
314595
311536
308302
304583
301111
297828
294861
292335
289886
287582
285581
283651
281929
280257
278872
277195
275565
273994
272152
270389
268619
266965
265279
263593
261864
259999
257700
255230
252812
250192
247682
245375
242788
240156
237713
235040
232153
229250
225959
222675
218862
214465
210118
205485
200337
194951
189662
184591
179701
174735
170085
164955
160115
155561
151184
146341
140161
134111
128213
121518
114111
104243
92849
84527
73994
51778
