1127887
1097125
1083745
976402
968170
946406
926524
917371
882771
844334
816564
762713
729632
706254
674804
647505
625521
606737
586284
567194
538762
516098
494212
465140
442723
425516
410151
399178
391454
384044
378203
373834
369876
366614
363674
360800
357549
353647
350284
347278
344592
342383
340325
338357
336695
335206
333714
332231
330964
329342
327498
325823
323766
321921
320057
318403
316852
315184
313182
311026
307927
304683
301652
298622
295350
292079
288609
284831
281294
277532
273459
269263
264452
259614
254698
248805
242444
235983
228903
221843
214747
208204
201035
193776
188169
181982
174606
168217
162728
156733
149770
142896
136417
128565
119677
106782
91028
82224
71883
48836
