894776
864507
853607
751862
743759
724683
706572
698426
669122
638775
615498
573105
545182
525133
500863
478602
460685
445463
429505
415186
394406
378364
362592
342338
326573
314135
302645
293980
287791
282112
277568
273872
270631
267806
265347
263005
260370
257334
254695
252150
249899
248023
246282
244568
243015
241624
240211
238950
237838
236388
234806
233392
231673
230031
228421
226985
225633
224255
222697
220968
218770
216402
214189
211771
209269
206781
204177
201239
198622
195917
192905
189851
186581
183225
179849
175901
171747
167421
162555
157748
152915
148260
143064
138011
134123
129507
124094
119222
115002
110222
104311
98890
93807
87702
81023
71860
60788
55195
46931
30907
