1041674
1017596
1010060
936093
931064
917033
901428
894737
859516
822619
798423
726457
705249
686835
657062
637831
619544
604329
584847
569250
541047
519695
499127
471523
450244
433286
416730
403486
393360
384767
377796
371906
366750
362609
359001
355701
352325
348570
345005
341694
338751
336221
333787
331561
329670
327907
326301
324791
323544
322091
320791
319505
317968
316530
315068
313613
312254
310784
309191
307377
305041
302525
300135
297534
295001
292771
290370
287875
285424
282771
279880
276872
273315
269705
265654
260886
255818
250514
244790
238753
232788
226888
221203
215723
210553
205115
200079
195497
191339
186692
180994
175164
169166
162555
154599
143640
130548
118891
107120
79983
