1804951
1761367
1747302
1603354
1593105
1566573
1538617
1526300
1465413
1402400
1359813
1240284
1199181
1165417
1115594
1080010
1045351
1017178
982853
954737
905991
868642
833296
786936
750448
721051
692710
670246
653366
638530
626928
617151
608721
601805
595773
589948
584144
577844
571830
566044
560802
556364
552189
548355
544939
541755
538867
536114
533833
531262
528676
526150
523244
520552
517717
514994
512304
509560
506572
503216
499183
494780
490468
485891
481469
477301
472967
468425
464172
459488
454400
449088
442688
436329
429404
421243
412823
403841
394068
384127
374105
364417
354777
345429
336691
327625
318786
310811
303447
295234
284969
274500
264008
252010
238073
220578
198670
181035
161060
117352
