876942
847632
836364
731707
723487
704783
686514
678540
646269
615871
590857
534158
510428
492652
468153
447891
429786
415747
400828
387589
369206
353814
339819
321951
308171
296480
285228
276340
269362
263123
258118
254048
250379
247123
244353
241748
239083
236256
233566
230961
228600
226523
224467
222521
220775
219150
217585
216215
214926
213426
211809
210309
208601
207043
205486
203973
202505
201038
199557
197974
196093
194129
192071
189954
187723
185725
183544
181216
179105
176684
174203
171740
169028
166229
163334
159909
156340
152733
148829
144792
140625
136759
132524
128367
124625
120381
116086
112096
108259
104030
98348
93268
88335
82636
76700
69136
60552
54754
46725
30841
