800899
776702
767271
686094
679657
662777
647566
640531
616169
589210
570244
535123
512213
495760
473703
454262
438751
425632
411715
399124
380719
365821
351374
331924
317000
304964
294308
286285
280523
275201
270942
267413
264428
261851
259641
257532
255158
252482
250026
247759
245747
244071
242528
240937
239547
238356
237173
236108
235248
234036
232729
231561
230113
228830
227594
226429
225381
224221
222951
221421
219441
217283
215154
212920
210705
208577
206143
203400
200843
198162
195220
192210
188866
185449
182007
177969
173692
169206
164172
159309
154269
149517
144187
138789
134737
130300
124960
120273
116531
112316
107626
103186
98867
94104
88549
79502
69095
60996
54308
39023
