1545040
1508769
1498559
1389874
1382546
1361857
1339486
1329551
1282764
1231811
1198502
1112977
1078525
1050114
1008324
978213
950213
925939
895474
870920
826862
794015
760741
716492
683220
655988
630437
610085
594586
581187
570791
561825
554045
547605
542061
536692
531452
525664
520154
515027
510471
506519
502995
499697
496861
494244
491819
489520
487642
485454
483455
481490
479232
477064
474844
472649
470621
468380
466014
463191
459653
455808
452090
448326
444603
441224
437621
433876
430159
425969
421501
416764
411215
405504
399231
391873
383985
375771
366617
357311
347947
339027
330156
321711
313721
305560
297930
290924
284836
278164
270015
261672
253228
243671
232235
214667
195189
176374
158987
119391
