452511
424192
410640
335131
326629
302710
288272
280531
268569
251360
239551
226853
207039
196991
185414
173547
165305
158146
151641
145533
139028
133647
128403
122967
118639
115036
111531
108744
106445
104165
101981
100375
98741
96989
95566
94328
93107
91983
90906
89801
88746
87836
86957
86079
85069
84239
83190
82286
81460
80541
79303
78433
77435
76555
75715
74891
74087
73216
72391
71492
70451
69277
68064
66643
65253
63673
62026
60288
58679
57252
55677
54353
52945
51471
50152
48691
47112
45425
43679
41846
39887
37956
35469
33191
31559
29513
26948
24539
22839
21068
18893
17342
16143
14701
13159
11553
9596
8424
6640
4187
