657081
633816
626163
551051
545325
532012
519031
513428
491251
469092
452251
419366
400202
386482
368033
352226
339271
328440
316963
306627
291326
279120
267210
251772
240090
230824
222020
215407
210591
206145
202549
199757
197345
195250
193451
191718
189819
187677
185636
183754
182006
180580
179165
177839
176700
175595
174573
173539
172718
171651
170495
169460
168216
167102
165989
164904
163952
162975
161860
160624
159079
157437
155823
154094
152407
150811
148990
146984
145180
143251
141083
139016
136672
134258
131801
128922
125932
122801
119445
115930
112511
109343
105748
102239
99417
96188
92490
89280
86357
83097
79023
75216
71528
67152
62471
56000
48008
43683
37480
25082
