892168
866560
857310
771763
764947
748900
732299
724976
695095
665641
643550
589131
565820
547829
523607
503659
485463
470434
453674
439121
417784
400603
383893
363262
347151
333464
320039
309238
300898
293687
287967
283131
278809
275135
272030
269047
266227
263073
260162
257171
254486
252099
249914
247876
246122
244347
242715
241205
239951
238515
237050
235701
234105
232580
231135
229628
228183
226779
225330
223604
221693
219543
217556
215273
213136
211104
208946
206601
204480
202032
199554
196911
194040
190995
187791
184045
180200
176257
171897
167464
163048
158810
154494
150200
146066
141613
137351
133377
129505
125399
119807
114345
109279
103508
97119
89084
79758
71659
62800
43979
