2160730
2108543
2090368
1912508
1900125
1867493
1833201
1817996
1739893
1661717
1605809
1448776
1399918
1359670
1299198
1258099
1218658
1186003
1146056
1113767
1055711
1013215
973458
920687
879640
847409
816120
791300
772544
756120
743228
732424
722812
714911
708014
701563
695123
687913
680946
674512
668705
663751
658998
654513
650610
646999
643615
640557
637849
634588
631591
628590
625154
621925
618436
614990
611722
608427
604815
600871
596052
590673
585574
580041
574570
569583
564185
558411
553107
547187
540966
534586
526914
519307
511141
501360
491054
480250
468460
456288
444380
432802
421393
410284
400084
389290
378813
369292
360023
349940
337411
324740
312508
298110
281475
260457
234756
214074
190396
139069
