784377
760602
751963
673116
667143
652597
638282
631902
607023
580911
562029
524318
501618
485693
464144
445570
430110
417252
403283
390553
371180
355791
341210
321646
306475
294646
283898
275965
270282
265070
260899
257537
254655
252103
249998
247895
245542
242777
240365
238110
236129
234530
232993
231418
230097
228998
227869
226845
225913
224678
223362
222244
220891
219670
218440
217226
216120
214942
213585
212037
210110
208015
206043
203946
201771
199675
197437
194962
192649
190154
187549
184885
181753
178575
175452
171634
167599
163313
158649
153868
149154
144669
139850
135022
131276
127161
122315
118047
114383
110456
105710
101074
96634
91460
85603
76694
65952
59842
52366
36363
