1632930
1596826
1585027
1470780
1462505
1440921
1418485
1407593
1362435
1311408
1278558
1198188
1160941
1130422
1086321
1053970
1024280
997477
964496
937457
891489
855390
818242
770639
734301
705011
676969
654398
637086
622329
610308
600311
591583
584360
578116
572195
566323
560073
553977
548537
543518
539138
535171
531573
528460
525668
522915
520554
518498
516162
513993
511975
509578
507454
505111
502800
500682
498362
495762
492827
489153
485141
481278
477247
473154
469478
465622
461596
457918
453524
449038
444192
438497
432323
425903
418239
410065
401317
391763
381900
372247
362663
353394
344183
335134
325598
317205
309674
303121
296121
287745
279071
270423
261117
249941
235414
216388
196444
177657
135635
