529925
512550
506636
449332
444833
434691
424212
419773
400148
381864
367450
331565
318362
308057
293869
282398
271891
263560
254511
246462
234695
224829
216127
204851
195799
188176
180851
174850
170418
166427
163225
160577
158229
156215
154380
152817
151154
149390
147739
146093
144555
143192
141879
140685
139638
138595
137605
136726
135963
135087
134185
133328
132312
131434
130425
129498
128563
127728
126769
125837
124646
123403
122215
120918
119576
118423
117101
115743
114469
113087
111597
110104
108464
106839
105096
102997
100795
98504
96067
93419
90894
88501
86021
83537
81195
78719
76240
73867
71694
69144
65850
62564
59509
55946
52078
47342
42183
38118
33196
22702
