401985
389695
387114
358888
357504
351827
345415
343557
331563
319944
313133
294642
287709
280915
269457
263247
257617
252867
246659
241009
231717
223112
214181
200964
190628
182415
174233
167664
162812
158683
155254
152428
150110
148088
146400
144810
143192
141300
139535
137896
136431
135244
134228
133230
132448
131686
131014
130429
129913
129418
128975
128555
128038
127585
127118
126650
126202
125731
125217
124654
123756
122720
121768
120821
119947
119164
118317
117527
116782
115833
114913
113857
112570
111256
109687
107842
105767
103599
101217
98792
96378
93979
91667
89339
87156
84807
82818
81079
79637
78155
76569
74828
72895
70767
68220
64038
59059
49617
45854
34699
