852294
822942
812599
712107
704476
687205
669953
662489
631246
602501
579707
525705
502926
485348
460388
440616
422994
409032
394276
381246
363481
348307
333962
316227
302256
290534
279083
270178
263216
257021
252131
248089
244422
241135
238473
235921
233274
230391
227694
225090
222756
220580
218514
216557
214850
213206
211645
210198
208976
207490
206015
204606
202953
201284
199699
198158
196679
195203
193721
192129
190269
188284
186311
184234
182226
180388
178327
176108
174029
171736
169337
167128
164406
161790
158937
155533
152086
148688
144893
140966
137121
133432
129653
125846
122358
118374
114339
110667
107021
102875
97558
92391
87339
81871
76019
68519
60013
54216
46349
30342
