444546
365601
348890
332286
320704
305062
299020
292580
287020
282304
274880
269478
242071
229157
222280
217434
212706
207541
202274
198265
194457
190598
186902
183736
180871
177899
175682
173782
171743
169477
167425
165354
163408
161210
159268
157223
155379
153610
151770
150048
148438
146525
144923
143476
141972
140387
138874
137231
135480
133922
132296
130565
128791
126981
125085
123338
121514
119670
117856
116142
114335
112621
110796
108956
107070
105491
103860
102225
100634
98894
97010
95014
93069
91164
89256
87164
85115
83098
81055
78976
76914
74882
72797
70356
67981
65706
63438
60966
58456
56010
53475
51004
48090
45296
42268
38812
35234
30263
23431
8551
