340406
288101
274788
261637
252372
240353
235791
230824
226515
223019
217358
213198
189867
179462
174135
170450
166852
162919
158851
155747
152806
149845
147048
144638
142465
140191
138558
137147
135533
133758
132170
130644
129155
127682
126251
124706
123345
122028
120750
119490
118196
116699
115379
114195
112957
111701
110475
109175
107843
106636
105361
104011
102699
101297
99866
98538
97178
95780
94398
93066
91612
90175
88737
87279
85767
84452
83225
81924
80602
79265
77744
76186
74797
73330
71810
70292
68707
67191
65560
64001
62355
60810
59128
57225
55348
53592
51743
49783
47855
45805
43746
41710
39333
37037
34578
31841
28942
25042
19411
6708
