878713
735056
702631
671336
648690
619280
608139
597218
587619
578737
564005
554312
497192
471228
456692
447226
437593
427344
417094
408952
401556
393870
386790
380499
374735
369143
364710
360973
356786
351920
347976
343838
340027
336137
332321
328000
324355
320638
317138
313673
310183
306292
303058
299965
296607
293392
290266
286913
283438
280221
276890
273263
269768
266049
262300
258758
255060
251412
247791
244038
240199
236381
232591
228760
224891
221478
217912
214482
211038
207230
203114
199082
195187
191182
187106
182987
178877
174694
170438
166277
162078
157916
153656
148690
143702
138874
134334
129314
124332
119360
114080
109042
103267
97506
91257
84444
77369
67643
53323
18601
