653427
532271
505303
477896
456855
433548
424528
414528
405198
397786
386328
378538
341122
320152
310707
304336
297856
290258
282407
276821
271307
265913
261107
256807
253005
248981
245870
243101
240249
236979
234113
231100
228275
224832
221955
218853
215996
213259
210605
207925
205436
202700
200284
198093
195863
193551
191367
189006
186309
183968
181534
178947
176517
173934
171347
168933
166355
163638
160994
158133
154976
151991
148909
145999
142977
140451
137818
135083
132374
129425
126381
123395
120487
117443
114446
111221
108140
105115
102040
98966
95925
92930
89822
86621
83410
80038
76629
72909
69269
65595
61905
58296
54185
50203
45978
41398
36336
30059
22664
8898
