1208979
991824
944589
900957
870047
831193
816896
802268
789061
776503
755867
742837
660994
624934
606819
594847
582464
568213
555395
544760
535232
525749
516550
508445
501157
494153
488779
483980
478259
471018
465498
459994
454620
448727
443392
437332
432240
427064
422163
417492
412757
407535
403020
398793
394122
389541
385003
380267
375118
370619
365744
360766
355757
350614
345452
340466
335262
330065
324966
319835
314530
309438
304052
298735
293103
288110
283189
278259
273327
267745
261917
256017
250256
244542
238781
232750
226732
220715
214771
209085
203422
197795
191939
185159
178426
172033
165892
159098
152218
145092
137553
130452
122694
115057
106998
98189
89226
77461
59878
20832
