720774
595031
565105
534404
510435
484191
474092
463498
453497
445510
432785
424641
380340
356186
345886
338859
331597
323094
314457
308369
302349
296614
291232
286475
282325
277882
274727
271808
268637
265065
261992
258744
255718
252319
249082
245890
242765
239785
236840
233931
231229
228301
225727
223323
220815
218255
215856
213217
210274
207684
204914
202109
199428
196638
193834
191178
188232
185211
182172
179170
175648
172275
168853
165524
162275
159286
156345
153235
150119
146829
143444
140112
136616
133021
129493
125934
122369
118891
115520
112084
108677
105192
101667
97880
94042
90199
86129
81842
77535
73123
68846
64640
59976
55480
50550
45151
39246
31936
23547
9066
