1578689
1342882
1286702
1227550
1176778
1118668
1097922
1078570
1060626
1044218
1017435
1001867
890799
842784
818308
801447
783589
763827
745476
730942
716605
702090
688911
677198
666758
656368
647979
640514
632691
624214
617146
609965
603098
595854
588649
581194
574469
567988
561726
555507
549370
542425
536553
531150
525503
519887
514538
508978
502671
497137
491433
485093
479074
472793
466455
460320
453870
447257
440830
434326
427217
420403
413412
406597
399545
393270
386865
380528
374033
367102
359827
352702
345522
338426
331439
324257
317133
310200
303090
295880
288468
281157
273810
265966
257774
249533
241305
232149
223151
213912
204626
195414
184806
174282
162807
149485
135198
116704
92909
39642
