1459567
1172494
1108090
1043983
998908
951189
932255
911524
890653
874371
849016
832986
753728
706382
686753
673375
659469
642365
626294
614580
603157
592538
582200
573206
565290
557291
550866
545101
539099
531998
526044
519470
513259
506366
500100
493437
487091
480890
475079
468875
463292
457472
452174
447232
442132
436938
432067
426947
421314
416115
410720
404849
399479
393461
387372
381805
375239
368134
361363
354193
345855
338641
331084
324013
316652
310443
304111
297317
290543
283246
275408
267927
260075
251834
244031
236066
228389
221250
214200
206943
199811
192669
185520
177909
170007
161879
153943
145156
136719
127818
119465
111471
102817
94569
85757
76595
66540
53805
39701
16323
