1495562
1230660
1188341
1129722
1090049
1058859
1039371
1016749
992663
970235
947228
920992
877218
827588
796889
772230
749195
731858
715653
698125
673794
640839
621839
608357
596501
585176
574177
563038
552632
543032
533669
524106
512920
501965
491966
482306
472403
462040
452930
445431
435728
423499
416162
410412
405275
400295
395927
392038
388122
384452
381152
377936
374916
371992
369198
366485
363860
361232
358555
355923
353187
350285
347261
344267
341116
337817
334432
330908
327200
323536
319520
315462
311160
306566
301835
297190
292653
288273
283641
278924
274032
269161
263877
258294
252842
247050
240671
233840
226883
220275
213508
207423
201164
194277
186309
175744
162091
142677
113880
68189
