991070
804971
784323
743995
713926
693112
682143
669362
655254
641288
628417
613185
587904
559115
538842
521745
506127
495206
485043
473565
454830
426881
413136
404068
396303
388994
381469
373859
367037
360831
354809
348611
340707
333139
326343
320005
313445
306222
300127
295307
288261
278498
273477
269943
266645
263274
260482
257951
255397
252815
250597
248469
246358
244419
242506
240567
238475
236388
234482
231968
229853
227653
225040
222696
220390
217877
215274
212442
209713
206775
203616
200461
197278
194063
190647
187313
184204
181044
177895
174644
171319
167986
164571
161007
157500
153722
149601
144960
140224
135814
130885
126395
121959
116958
110813
102850
93770
82628
64509
36083
