1552874
1321581
1274310
1221992
1189093
1161322
1140083
1114802
1088842
1063313
1036445
1005364
954683
896867
864508
839282
815076
796104
778792
761505
740731
713661
696241
682078
669036
656696
644757
632948
621694
611125
600864
590735
579627
568877
558569
548812
538803
528605
519161
510567
500928
488943
481011
474414
468613
463193
458272
453772
449487
445328
441548
437879
434354
430888
427699
424512
421352
418169
415003
411757
408547
405327
401892
398424
394826
391124
387233
383102
378879
374538
369965
365366
360387
355207
349944
344600
339368
333982
328629
322989
317102
311161
304963
298536
291799
284897
277562
269684
261364
253459
245554
238467
231124
223345
214222
201661
186257
164610
132344
78752
