1653397
1364051
1306997
1238837
1197063
1161483
1138515
1110887
1082535
1058010
1033640
1005907
963404
916600
886310
861303
837191
818014
800326
782176
759692
729744
710835
695710
681883
668658
656051
643526
631730
620664
610088
599629
587940
576806
566013
555826
545153
534094
523660
514658
503877
490712
481972
474740
468323
462222
456762
451650
446821
442174
437936
433881
429916
426235
422736
419285
415800
412388
409076
405271
401734
398102
394244
390405
386331
382049
377602
372892
368186
363213
358145
353005
347654
342155
336458
330963
325656
320240
314615
308936
303091
297234
291100
284729
278008
271331
263855
256038
247753
239712
231272
223739
215942
207575
197378
184082
168809
148273
116987
63640
