2868100
2311589
2205644
2092709
2024225
1957876
1909597
1855439
1801996
1756134
1708097
1654640
1578209
1492783
1438678
1395088
1352989
1317545
1285305
1253117
1215684
1171576
1139622
1113796
1090510
1068425
1047704
1027606
1008939
991436
975108
958900
941807
925414
910195
895497
880425
865053
850810
837964
823489
806622
793975
783634
774126
765045
756827
749305
741971
734943
728382
721865
715691
709762
703981
698334
692696
687012
681275
675304
669478
663291
656832
650036
643208
635888
628462
620799
612943
604995
596971
588821
580189
571296
562294
552897
543708
534319
524599
514808
504242
493993
483297
472008
460580
448999
436760
423517
409971
396630
382776
369576
355654
341547
324650
302463
277923
245844
196706
117367
