2521352
2155604
2079932
2009119
1964361
1919370
1880872
1843343
1803493
1759799
1712173
1649158
1563245
1477280
1417964
1372693
1334239
1303300
1275273
1247759
1216310
1179530
1150315
1124490
1101428
1080528
1060897
1042342
1025062
1008942
993898
979395
964164
949552
935404
921772
907971
894198
881268
869460
857079
842718
832106
823089
814504
806345
798997
791862
784921
778123
771442
764915
758651
752521
746317
740022
733429
726683
719814
711745
703983
696175
687757
679516
671882
664050
655927
647582
638857
629703
620246
610473
600387
589644
578387
567157
556062
545126
534375
523907
512462
500786
489305
477478
465230
452637
439083
423839
408359
392942
375098
359867
344468
329445
311242
287982
261926
230880
181703
103976
