1747846
1499199
1442537
1382085
1345027
1313691
1289035
1258856
1228034
1198096
1167349
1131434
1072803
1007174
969830
941214
914087
892664
873307
853915
831093
801347
781821
765750
751086
737093
723557
710211
697705
685680
673960
662520
650435
638614
627151
616320
605326
594127
583663
574317
563848
551188
542505
535257
528696
522481
516913
511824
506838
502093
497692
493496
489474
485586
481852
477951
474234
470653
466927
463152
459401
455596
451495
447430
443296
439005
434283
429442
424571
419524
414190
408805
403058
397100
390945
384762
378928
373002
366881
360508
353802
347062
340050
332640
325058
317239
308880
300091
290866
281721
272677
264633
256219
247307
236836
222967
206171
183184
148473
89149
