2972808
2438317
2321032
2201612
2132344
2058128
2003925
1941795
1879912
1828171
1774844
1715787
1632641
1543025
1489025
1444519
1401361
1364435
1330490
1297983
1262629
1222161
1191201
1164576
1140796
1117731
1095738
1074835
1054808
1036047
1017770
1000227
982246
964885
948246
932036
915815
898991
883271
868674
852946
835451
821706
809706
799038
788782
779528
770780
762183
754036
746315
738779
731692
724876
718379
712102
705772
699611
693400
686748
680170
673401
665988
658659
650997
643004
634692
626409
617846
609456
600899
592055
582836
573284
563678
553523
543514
533556
523199
512401
501079
490114
478470
466309
453834
441514
428203
413807
399364
385238
370619
357233
343356
329254
313302
292180
267321
233825
185882
108365
