2518983
2020722
1925373
1821346
1756357
1696270
1654064
1606306
1559135
1518895
1477636
1431113
1363533
1287316
1239182
1200866
1164683
1134550
1107148
1079229
1045424
1005033
976394
953696
933884
914726
897024
879907
863934
849377
835440
821762
807118
792717
779409
766735
753459
739773
727349
716607
703537
688479
677733
668986
660882
653107
646130
639698
633230
627281
621475
616104
610974
606020
601105
596283
591633
586941
582126
577063
571991
566842
561418
555769
549818
543736
537382
530969
524274
517748
510901
503909
496816
489303
481625
473777
465954
457920
449891
441340
432686
424095
415095
405439
395570
385538
375003
363560
352176
340970
329166
318166
306626
294814
280542
261511
240150
212552
170212
101990
