1211474
975641
947872
909234
883296
862614
849247
834599
818685
802302
786017
765552
731605
694409
670334
651205
632248
618099
604842
590951
572696
546604
531856
520574
510426
500774
491554
482292
473687
465830
458179
450486
441740
433399
425342
417814
410293
402497
395288
389120
381769
372024
365824
361046
356744
352584
348848
345450
342098
338771
335843
333037
330250
327598
324989
322460
319692
316909
314262
310938
308092
305139
301621
298323
295063
291613
287996
284133
280354
276431
272285
268147
263819
259551
255010
250526
246414
242383
238192
233801
229428
225105
220424
215480
210566
205501
199988
194009
187896
181914
175646
169312
162962
156205
147675
136755
124601
109692
85683
47855
