1349207
1122469
1089287
1037331
1000568
973210
956685
937499
916262
896591
876875
853900
816621
773747
745979
723041
701462
685023
670072
653676
630482
598990
581054
568618
557608
547256
537138
526883
517234
508389
499643
490711
480169
469824
460342
451458
442116
432284
423455
416201
406869
395029
388039
382676
377846
373209
369134
365426
361757
358329
355366
352400
349578
346884
344297
341693
339133
336614
334196
331594
329022
326357
323525
320729
317916
314969
311848
308467
305091
301593
297878
294051
290153
285883
281512
277270
273096
268824
264521
260095
255579
250993
246214
241332
236165
230548
224723
218124
211665
205419
198814
193006
186987
180314
172402
162065
149313
131423
104691
61513
