4004836
3238355
3093814
2947747
2862219
2772380
2705915
2629688
2554380
2491267
2423686
2347971
2240502
2124375
2052063
1992056
1933230
1881547
1834103
1787800
1739052
1685397
1642459
1605788
1572530
1540847
1510774
1482383
1455301
1429610
1405201
1381752
1357795
1334417
1312221
1290141
1268185
1245999
1224752
1205241
1184392
1162179
1143732
1127750
1113386
1099867
1087368
1075783
1064599
1054021
1044302
1034617
1025548
1016780
1008260
999871
991666
983507
975263
966666
958180
949434
940141
930319
920136
909855
898898
887794
876483
865125
853560
841668
829138
816225
803050
789304
775519
761831
747678
732827
717670
702718
687062
670338
653345
636369
618142
598708
579288
560180
540431
521992
502603
482948
459791
429187
394185
346715
276442
164373
