1788756
1511468
1455625
1397439
1360766
1330449
1305985
1277450
1248004
1218889
1188053
1150578
1092226
1029075
991532
963121
936626
915465
895928
876725
853639
824686
804774
788350
773000
758534
744796
731379
718926
707109
695898
684852
672905
661392
650264
639586
629036
618194
608118
598809
588607
576055
567336
560235
553740
547539
541927
536741
531679
526825
522315
517838
513682
509522
505509
501561
497615
493568
489483
485120
480987
476647
471754
466999
462215
457227
451897
446555
440936
435133
429181
423100
416927
410421
403821
397009
390449
384018
377257
370454
363523
356265
348864
341240
333294
325215
316452
306916
297246
287466
277257
268233
258965
249156
237422
222254
204707
180706
143832
83509
