1263759
1046590
1015099
965407
930533
905165
889754
871875
852143
833470
814887
792915
757285
717214
691090
669890
650061
635229
621625
606532
584343
554359
537254
525766
515668
506021
496489
486900
478309
470423
462669
454798
445471
436350
427980
420099
411937
403167
395528
389217
380947
369884
363571
358813
354491
350284
346550
343210
339922
336763
333988
331184
328566
326103
323587
321169
318822
316402
313984
311433
308994
306266
303403
300517
297620
294633
291439
288074
284734
281262
277573
273890
269939
265612
261311
256951
252886
248857
244755
240437
236117
231768
227212
222471
217677
212732
207290
201422
195390
189495
183309
177480
171282
164709
156420
145818
133848
117994
92476
53672
