2473045
2024921
1933933
1843638
1787425
1732025
1691359
1645167
1599449
1559136
1516810
1467773
1395163
1316413
1269650
1231832
1195094
1164397
1136424
1108736
1077968
1041484
1014827
992271
972337
952945
934720
917303
901017
885394
870335
856008
840748
825975
811737
798156
784465
770345
757086
744858
731790
716775
705259
695161
686211
677674
669887
662656
655675
648906
642642
636595
630823
625254
619805
614422
608925
603587
598235
592252
586635
581078
574704
568469
562242
555654
548829
541804
534762
527658
520479
512968
505109
497062
488801
480397
472108
463781
455196
446226
436875
427549
417914
407801
397386
386892
375641
363527
351473
339542
327005
315534
304010
291930
277928
259361
237640
208619
165636
97779
