1796715
1462100
1414793
1336604
1277962
1230580
1208088
1181207
1151172
1126223
1102614
1076659
1038862
997024
965309
936967
911117
890265
871152
848392
814440
773885
747361
730504
716431
702547
688446
674139
661364
649394
637814
625686
611339
597773
585390
573055
559867
545742
533541
523847
510301
493818
484306
476952
470360
463837
458268
453213
448167
443647
439507
435382
431584
427921
424318
420820
417305
413956
410437
406552
402816
399180
394911
390850
386464
381934
377136
371908
366661
360966
354698
348705
342620
335919
328920
322089
316079
310565
305017
299354
293828
288081
282193
276268
270110
263406
256182
248240
240060
232023
223743
216196
208387
199231
187969
173786
157583
138325
107513
57118
