3992696
3198065
3059109
2919675
2835327
2746895
2681324
2608135
2537110
2475776
2410061
2336767
2236109
2128272
2056688
1996541
1937098
1885307
1837732
1791198
1741523
1686359
1641830
1604437
1570970
1538871
1508711
1479950
1452913
1428089
1404316
1381114
1357614
1334930
1313306
1292465
1271169
1249510
1229265
1210780
1190766
1168861
1151249
1136044
1122125
1109098
1097178
1086136
1075422
1065034
1055443
1046257
1037274
1028644
1020165
1011777
1003499
995189
986896
977849
969165
960147
950314
940591
930453
919832
908775
897303
885708
874078
862384
850271
837346
824215
810919
797328
783713
769978
755995
741252
726012
710966
695356
679133
662420
645759
627747
608440
588732
569420
548937
529213
509310
488692
464312
432309
396724
350786
280703
166568
