4106432
3361826
3174941
2992571
2888131
2772689
2688090
2590826
2496298
2421498
2344625
2262334
2153065
2038371
1969346
1910514
1853875
1803937
1757560
1713609
1668392
1619745
1579532
1544451
1512524
1481801
1452059
1424078
1397328
1371721
1347154
1323474
1299661
1276201
1253658
1231848
1209707
1187031
1166045
1145903
1124783
1101809
1081939
1064893
1049343
1034803
1021476
1008902
996891
985245
974239
963663
953622
943964
934741
925855
917014
908517
899727
890582
881447
872318
862196
851532
840785
829370
817788
806209
794539
783055
771676
760069
747569
734561
721333
707578
694015
680335
666214
651413
636397
621496
605863
589376
572773
556341
538956
520186
501114
482801
463882
447259
429730
411368
390594
363671
331027
287074
226812
128139
