1258598
1021912
999893
960814
932511
911318
898868
884957
869104
852312
835737
814577
780651
745739
719857
699336
680474
666572
653511
638671
617667
588135
571155
558740
547614
537295
527291
517275
508075
499991
492243
484428
475094
466168
457954
450167
442202
433593
426119
419981
412294
401765
395794
391160
387050
382913
379323
376033
372667
369335
366282
363443
360524
357780
354987
352122
348949
345756
342751
338697
335356
331927
327656
323664
319759
315672
311293
306800
302366
297712
292867
288164
283473
278499
273523
268710
264090
259541
254900
250286
245558
241032
236196
231169
226223
221102
215326
209090
202747
196508
189782
182475
175137
167500
157671
145134
131605
115563
89876
50801
