2262356
1882850
1818730
1746717
1703736
1664170
1635525
1601763
1566934
1534973
1501332
1461270
1404760
1344645
1304035
1269037
1234290
1204706
1177199
1150011
1119825
1083645
1057307
1034248
1013519
993556
974651
955925
938501
922063
906329
890874
875195
859799
844809
830363
815862
801231
787185
774453
760678
745199
733281
723127
713913
705161
697404
690308
683326
676846
670727
664760
658945
653443
648022
642606
636800
630959
625332
618249
612352
606412
599178
592408
585727
578599
571185
563607
555968
547937
539641
531664
523320
514724
505950
497144
488474
480015
471299
462251
453052
443880
434292
424455
414511
404279
393123
380930
368409
356024
342550
330105
317133
303374
286522
264931
240909
212139
166410
90729
