3165762
2563472
2455052
2339608
2266331
2191588
2140191
2082436
2025067
1976004
1924422
1866925
1784635
1691970
1632258
1583003
1535113
1493625
1455095
1417498
1374856
1326702
1290328
1260453
1234272
1208583
1184389
1161371
1139684
1119524
1100170
1080865
1061131
1041690
1023468
1005621
987411
969358
952455
937146
920350
901319
886874
874748
863751
853355
843963
835249
826684
818611
811083
803875
796809
790230
783683
777346
771015
764763
758523
751822
745320
738711
731721
724250
716745
708820
700627
692205
683668
674898
666166
657163
647652
637685
627654
617222
606995
596699
586134
574963
563863
552605
540821
528402
515711
502627
488864
473947
458901
444339
428748
414247
399451
383841
365802
341056
313022
275698
219551
130906
