2565555
2069940
1982921
1882076
1812962
1750166
1709080
1663191
1616767
1577933
1538059
1493452
1430366
1358893
1311027
1270905
1232458
1199635
1169416
1138552
1100478
1055510
1023811
999686
978528
958408
938937
920317
902733
886797
871471
856225
839726
823949
809123
794831
780115
764882
751262
739031
724664
707782
696151
686355
677636
669368
661905
654890
648076
641641
635583
629761
624122
618824
613667
608588
603463
598359
593263
587609
582233
576756
570715
564659
558667
552304
545666
538914
531985
524893
517780
510438
502844
495100
486998
478653
470726
462607
454366
445691
436867
428081
418809
409187
399320
389133
378386
366454
354577
343119
330839
319178
307342
294733
279817
260386
238463
209625
166494
97422
