1833004
1525087
1468141
1404363
1366101
1333641
1309549
1280890
1251828
1225390
1197449
1164200
1114884
1061090
1026433
998061
969520
946468
925048
903570
878694
848222
827073
809352
792814
777067
762350
748232
734816
722418
710412
698615
686192
673884
662386
651337
640357
629085
618536
608719
597973
585111
576071
568370
561336
554673
548603
542976
537504
532292
527492
522893
518461
514164
509909
505593
500630
495777
491111
484480
479316
474412
468156
462638
457063
451177
444927
438628
432548
426154
419382
412760
406142
399308
392426
385611
378896
372471
366008
359351
352454
345451
338139
330584
322901
314982
306261
296707
286735
277269
266952
257137
247320
236872
224300
208209
190171
167810
132275
74062
