1813827
1505195
1455932
1403808
1371202
1344163
1323951
1299991
1274973
1249581
1222268
1188112
1130671
1066756
1028957
1000581
973769
952427
932584
912682
889148
859817
839299
822023
806169
791058
776668
762732
749298
736757
724627
712694
699955
687566
675758
664420
653240
641768
630836
621127
610607
597532
588595
581081
574315
567860
562035
556704
551431
546442
541892
537409
533010
528877
524907
520805
516422
512145
507872
502464
498103
493551
488142
482957
478029
472728
467252
461606
455982
450042
443927
437849
431463
424920
418211
411546
405126
398660
392181
385223
378193
371113
363657
355973
348033
339803
330969
321354
311481
301969
291960
282263
272526
262138
249281
232762
213701
187923
147978
85597
