2434673
2033980
1987435
1889120
1539066
1380726
1342855
1312797
1274360
1222232
1191085
1169429
1149412
1117657
1083390
1052975
1027906
1005710
986407
964035
908747
843233
800450
778554
743018
720174
699486
680174
665986
653346
639103
624063
606981
590122
576019
557405
531902
505650
487229
470353
439067
401408
383373
376947
370854
362698
357824
353160
346423
342312
338647
335014
331593
328174
324983
321556
317508
313346
309386
302480
297069
291626
283887
277632
271412
264966
258257
251102
244852
238146
231080
224956
219066
212830
206670
201023
195926
191355
186855
182377
178052
173652
168894
164026
159086
153890
147971
141624
135417
129047
121847
114711
107563
99650
89342
77324
65544
55869
40494
18608
