2657757
2164962
2077734
1982593
1918302
1857918
1816915
1770917
1724532
1683847
1641357
1592466
1519372
1437797
1386135
1344090
1303309
1268642
1236474
1204029
1165591
1120585
1088548
1063270
1041175
1019555
999272
979614
961184
944216
927685
911484
894308
877494
861645
846450
830864
814956
800767
787926
773265
756277
744087
733795
724626
715902
708223
701012
694028
687499
681378
675281
669679
664158
658831
653587
648297
643155
638042
632692
627330
621785
615899
609750
603624
597268
590608
583773
576836
569814
562568
554993
547189
539028
530830
522415
513913
505517
496915
487802
478645
469395
459765
449578
438793
428101
416849
404389
391863
379989
367498
355656
343057
330104
314775
294039
270249
237536
188954
114934
