1438810
1225829
1182717
1133430
1103551
1078958
1060759
1038300
1014697
991644
967659
939623
891224
836045
805961
783159
761382
744436
729064
713721
694579
669304
653335
640291
628426
617004
605732
594688
584186
574159
564365
554767
544040
533579
523495
514125
504742
495151
486208
478308
469404
458003
450378
444289
438858
433737
429116
424885
420882
416950
413404
409852
406537
403417
400297
397257
394180
391161
388225
385207
382294
379139
376047
372720
369386
365816
361974
358096
354028
349845
345446
340978
336379
331395
326286
320990
316004
311139
306109
300916
295566
290196
284454
278451
272213
265767
258758
251396
243864
236662
229349
222766
216003
208427
199422
187057
171963
151525
120958
71574
