1286137
1062732
1030119
976665
938588
910047
893196
873663
852544
832877
813516
791646
755536
713999
687154
665671
646012
631769
618925
604008
580945
549550
532228
520808
511253
501936
492723
482964
474183
466291
458565
450620
440704
431199
422380
414296
405847
396566
388574
382007
373336
361807
355285
350439
346047
341639
337863
334389
331073
327880
325090
322309
319636
317024
314625
312270
309814
307479
305180
302758
300264
297727
295041
292404
289642
286824
283820
280667
277472
274127
270528
266917
263146
259289
255130
251213
247325
243410
239484
235255
231113
226799
222309
217802
212948
207886
202344
196423
190318
184575
178574
173177
167771
161685
154391
145032
133553
117832
93202
53991
