3332263
2715657
2571397
2426900
2342929
2253574
2188506
2114955
2043348
1985268
1925370
1860813
1773282
1677606
1618679
1569834
1522867
1482560
1445429
1409892
1370985
1326308
1292179
1262940
1237069
1211981
1187626
1164736
1143017
1122571
1103070
1084038
1064416
1045461
1027637
1010301
992537
974408
957644
941963
924900
905597
890193
876917
864959
853704
843505
833836
824430
815501
807089
798889
791261
783876
776800
769805
762980
756250
749438
742544
735318
727820
719942
711564
703043
694087
685025
675903
666633
657282
648162
638599
628778
618423
607735
596799
585921
574955
563707
551844
539594
527607
515040
501512
487789
474194
459987
444566
429237
413916
398090
383978
369154
353935
336641
313945
287183
251323
200154
115826
