2201918
1881224
1805023
1726728
1679409
1638792
1606591
1567310
1527474
1490156
1450766
1406062
1335653
1257028
1211904
1176384
1142816
1114948
1089637
1065099
1036714
1002820
978781
958377
939715
921963
904735
887666
871554
856313
841537
827059
811925
797052
783137
769597
755932
742050
728868
717172
704041
689037
678041
668742
660368
652590
645575
638960
632515
626518
620909
615479
610376
605404
600758
596025
591296
586690
581977
577299
572694
567983
563154
558196
553067
547639
541914
536150
530056
523953
517511
510794
503712
496197
488670
480816
473094
465266
457339
449047
440654
431870
422892
413793
404330
394578
384241
373160
361721
350533
339342
329202
318693
307828
295327
278336
257454
228795
185393
110637
