1026892
841145
816298
778199
751977
732905
721126
707662
692798
677893
663755
646472
617809
585923
565038
547915
531512
519898
509202
497320
480350
455207
442130
432699
424315
416334
408575
400902
393820
387319
381110
374647
366986
359638
353049
346845
340491
333652
327718
322608
315956
306748
301483
297682
294123
290619
287598
284905
282147
279422
277107
274881
272691
270548
268433
266361
264170
261884
259724
257021
254743
252343
249516
246808
244172
241303
238305
235210
232093
228827
225470
222009
218532
215010
211447
207829
204293
200896
197489
193944
190247
186616
182777
178909
174774
170634
166034
161141
156173
151238
146091
140928
135884
130368
123355
114349
103947
91621
71619
40508
