3077858
2581008
2481322
2379223
2314219
2254771
2210544
2158407
2105249
2057675
2006844
1948044
1865555
1778290
1721811
1674375
1628219
1588357
1551649
1515562
1475637
1431032
1396458
1366287
1338255
1311963
1286682
1262344
1239226
1217231
1196336
1175965
1155207
1135165
1115544
1096445
1077221
1057760
1039358
1022393
1004280
984391
968625
955086
942843
931395
920816
911140
901834
893121
884878
876781
868717
861217
853916
846652
839068
831636
824316
815394
807655
799932
791007
782356
773621
764313
754856
745085
735189
724984
714643
704052
693129
682016
670553
659045
647635
636317
624660
612506
599652
587134
573942
560353
546315
532115
517069
500483
483779
467503
450504
434748
418435
401533
381962
356470
327280
288680
230106
130269
