3229174
2616885
2495783
2370968
2295693
2217017
2160851
2097704
2034915
1982328
1927019
1865835
1780131
1685841
1626940
1578240
1531280
1490769
1453726
1417382
1377002
1330467
1295220
1265901
1239907
1214555
1190924
1167987
1146436
1126490
1106972
1088195
1068582
1049449
1031424
1013971
996446
978374
961795
946397
929545
910521
895732
882993
871591
861140
851333
842351
833461
825114
817282
809454
802100
795154
788330
781797
775366
768768
762319
755598
748921
742121
734772
727092
719299
711162
702630
694099
685305
676496
667519
658243
648581
638425
628168
617544
606899
596287
585220
573641
561829
550262
538104
525087
512004
498782
484492
469104
453644
438609
423052
408692
393548
378021
360113
336461
308809
271784
216730
127719
