3318336
2660770
2537282
2404623
2324853
2245980
2190572
2127378
2064573
2012619
1957544
1896552
1809028
1711891
1650462
1600555
1551893
1509800
1471166
1432950
1389991
1341200
1304280
1274046
1247353
1221679
1197696
1174976
1153584
1133667
1114637
1095727
1075951
1057091
1039250
1021783
1004146
985852
969357
954190
937015
918198
903641
891254
880145
869579
860043
851109
842587
834475
826796
819339
812257
805401
798827
792347
785987
779630
773304
766759
760297
753620
746604
739169
731684
723794
715592
707277
698626
689968
681246
671964
662360
652344
642298
631960
621571
611113
600375
589180
577502
565834
553626
540779
527752
514699
500731
485602
470012
455075
439389
425040
410064
394606
376279
351920
323569
286049
229118
138125
