3066873
2479585
2365735
2250518
2180473
2109666
2057970
1998950
1940984
1891659
1839431
1781204
1698435
1608258
1552510
1506303
1461104
1422322
1386873
1352150
1314089
1270207
1237180
1209336
1184488
1160735
1138322
1116468
1095898
1076674
1057984
1040046
1021612
1003629
986150
969469
952613
935624
919478
904425
888012
869910
855981
843782
832470
822096
812563
803726
795173
786968
779455
771966
764788
758070
751646
745193
738630
732177
725700
718449
711692
704697
697090
689164
681333
673042
664655
655956
647297
638577
629783
620754
611216
601493
591560
581151
571117
560840
550417
539399
527897
516702
504776
492576
480007
467233
453566
438867
423962
409801
394939
381168
367066
352490
335325
312984
286642
252029
200662
118387
