1488937
1252820
1211927
1159326
1126890
1099504
1080971
1058313
1034902
1013587
991792
966483
927982
886094
857932
834004
810631
791811
774677
757095
735546
707350
689690
675188
662228
649741
637737
625610
614334
603821
593434
583149
572208
561103
550808
540839
530645
520162
510381
501633
491659
479577
471214
464391
458259
452476
447250
442535
438100
433693
429794
426061
422286
418783
415420
412015
408689
405287
401948
398297
394857
391462
387476
383739
379935
375944
371482
366847
362310
357656
352690
347781
342727
337358
331884
326277
321039
315777
310410
304824
299076
293237
287328
281128
274721
268076
260845
253027
244778
236966
228826
221410
213769
205538
195297
182074
166664
146963
115781
62992
