249830
211054
197286
190620
185218
182174
177071
175131
173537
171764
170026
168875
167555
166313
163038
161194
158703
157666
156706
153357
152100
147733
145152
143661
140080
138230
134342
131091
128712
126637
124027
122417
120353
118921
117741
116439
114360
113194
112286
110814
109815
108167
107340
105449
104025
103244
100904
99877
94899
92884
91813
90257
89007
86901
85571
84535
83521
82509
80303
78144
77019
76178
75171
73966
71858
70421
69402
67981
66541
65354
64329
63201
61859
60662
59661
58512
57418
56458
55526
54422
53238
52265
51049
49684
47963
46432
44799
42942
41083
38890
36637
34362
31873
29595
27395
25256
22485
18067
14139
6142
