256109
242487
183786
172138
163892
120772
108017
92143
86273
72397
67705
64069
62605
61088
59336
58613
57667
56861
55941
55212
54445
53498
52583
51654
50931
49951
49134
48340
47518
46689
45698
44907
44270
43822
43160
42642
42130
41683
41267
40672
40124
39544
39050
38577
37969
37524
36872
36240
35779
35267
34770
34165
33538
32868
32410
32021
31561
30969
30464
30000
29480
28906
28222
27533
26988
26515
25919
25312
24528
23849
23074
22561
21933
21440
20747
20247
19830
19360
18952
18366
17869
17469
16918
16316
15578
14900
14428
13785
13019
12057
10401
9179
7828
7155
6579
5825
5024
3121
1853
574
