40309
34961
29188
28382
26997
26167
25894
23673
23196
22648
22471
19081
18308
17110
16801
16233
15769
15223
14445
14023
13364
12783
12209
12102
11775
11646
11394
11108
11018
10882
10805
10694
10536
10124
9939
9816
9641
9520
9355
9049
8988
8876
8796
8724
8668
8613
8552
8368
8317
8273
8171
8021
7918
7839
7779
7701
7461
7320
7241
7126
6994
6882
6728
6638
6496
6164
5906
5784
5703
5613
5520
5410
5336
5256
5142
5011
4894
4798
4587
4401
4260
4169
4085
3980
3864
3731
3602
3450
3320
3208
3081
2981
2828
2704
2528
2277
1950
1387
1259
1037
