415873
384797
327730
289650
272547
263471
255983
250405
196123
182057
171215
164310
157383
153259
140775
137309
132206
128617
125213
122579
119660
116233
113496
110570
108099
105770
103342
100707
98012
95634
91762
88562
86490
84666
82565
80821
79009
77590
75644
73758
71531
69608
67498
65354
62782
60585
58680
57138
55539
53920
52145
50532
48813
47619
45881
44583
42960
40993
39171
37945
36683
36003
35110
34131
33083
32074
31226
30689
29722
28840
28172
27686
27315
26997
26564
25876
25178
24346
23735
22952
21302
19338
17437
15979
15101
14429
13899
13259
12649
12235
11829
11316
10719
9992
9065
8048
7108
5935
4114
1871
