58660
51090
48655
47226
45974
45338
43890
43492
43177
42875
42565
42325
42084
41887
41006
40558
39932
39699
39465
38331
37981
36790
36054
35679
34720
34252
33158
32390
31889
31442
30821
30505
30023
29734
29508
29234
28673
28431
28239
27897
27686
27273
27127
26612
26253
26093
25363
25127
23609
23033
22748
22404
22073
21448
21070
20826
20552
20317
19634
18870
18510
18285
18019
17643
16909
16372
16040
15581
15116
14728
14441
14123
13765
13437
13177
12833
12495
12217
11937
11612
11258
10961
10557
10111
9586
9169
8703
8230
7752
7199
6640
6058
5480
4994
4565
4108
3508
2597
1901
819
