249340
239638
189001
181716
170698
110325
96123
79546
73972
61365
57235
53856
52793
51444
49959
49319
48524
47927
46792
46160
45433
44535
43692
42771
42049
41154
40429
39779
39178
38555
37801
37127
36615
36227
35554
35190
34769
34366
34045
33495
33028
32492
32061
31671
31092
30681
30010
29433
28985
28529
28094
27542
26989
26363
25967
25623
25165
24668
24256
23852
23450
22986
22426
21828
21354
20995
20556
20057
19399
18777
18161
17746
17231
16861
16370
15979
15662
15290
14902
14394
13998
13689
13255
12821
12170
11611
11231
10724
10125
9345
8207
7286
6243
5736
5279
4662
3937
2440
1454
378
