81585
79049
66179
62706
58960
57160
54865
53979
38503
37350
36109
35365
34113
33421
30402
29819
28992
28468
27884
27481
26681
25997
25440
24879
24317
23885
23375
22906
22338
21895
21080
20574
20150
19727
19257
18788
18320
18042
17798
17555
17267
16933
16441
15960
15459
15107
14804
14519
14243
13907
13457
13075
12637
12383
12125
11857
11513
10928
10347
10194
10051
9957
9795
9651
9475
9361
9228
9115
8901
8525
8376
8282
8203
8115
8005
7860
7719
7591
7468
7278
6820
6173
5512
4984
4654
4460
4345
4186
4060
3968
3882
3781
3648
3441
3237
2983
2766
2417
1854
578
