219770
203855
173343
153015
143601
138562
134395
131582
104520
97215
91471
87704
84016
81842
75688
73880
71223
69279
67678
66303
64778
62918
61452
59931
58609
57418
56130
54812
53406
52167
50198
48599
47498
46481
45332
44364
43318
42552
41632
40666
39507
38507
37329
36243
34891
33802
32754
31974
31041
30139
29073
28164
27303
26669
25882
25193
24344
23207
22221
21611
20934
20601
20190
19706
19177
18606
18155
17857
17302
16741
16400
16119
15888
15703
15464
15140
14788
14362
14026
13547
12620
11414
10345
9532
9002
8545
8197
7754
7433
7206
6995
6699
6345
5919
5494
4942
4371
3624
2374
1076
