153217
145673
108821
102943
98903
66383
60341
51169
48045
40115
37532
35498
34666
33894
32903
32475
31943
31480
30977
30611
30209
29762
29305
28780
28332
27784
27314
26915
26473
26022
25458
24971
24574
24316
23949
23693
23392
23119
22876
22522
22161
21803
21538
21234
20841
20580
20180
19883
19629
19370
19099
18750
18357
17960
17738
17516
17253
16941
16651
16376
16087
15755
15358
14918
14620
14382
14052
13735
13277
12961
12523
12224
11855
11606
11203
10915
10684
10432
10174
9891
9606
9404
9065
8752
8362
7997
7737
7366
6974
6505
5760
5150
4355
3976
3622
3200
2721
1774
1086
338
