216852
209258
165056
158923
150606
84560
75047
61376
57179
48242
45269
42515
41667
40631
39452
38922
38195
37701
36830
36338
35829
35158
34602
33936
33407
32802
32249
31751
31276
30772
30131
29559
29085
28764
28278
27989
27691
27397
27152
26687
26275
25803
25438
25058
24557
24205
23627
23167
22818
22475
22080
21606
21125
20610
20244
19935
19553
19140
18769
18452
18100
17708
17190
16609
16220
15911
15486
15046
14493
14028
13548
13207
12760
12426
11976
11678
11414
11081
10777
10373
10030
9771
9396
9086
8601
8173
7862
7409
6990
6437
5795
5143
4407
4041
3623
3101
2519
1670
992
296
