184744
176737
136051
129550
123016
80281
71189
59863
55916
46420
43409
40861
39974
38940
37736
37263
36594
36045
35310
34913
34400
33786
33275
32660
32132
31477
30918
30473
30047
29568
29011
28442
28081
27823
27401
27117
26817
26560
26332
25914
25574
25177
24879
24553
24110
23772
23232
22841
22553
22175
21837
21421
20977
20538
20211
19976
19658
19262
18951
18658
18343
17991
17565
17084
16730
16452
16073
15666
15156
14659
14171
13857
13422
13151
12759
12490
12250
11970
11676
11318
10994
10775
10432
10098
9612
9186
8913
8509
8092
7471
6726
6000
5121
4718
4348
3825
3225
2201
1372
466
