261001
253563
203444
190793
177890
170648
161973
158096
133847
129200
124997
121856
118116
115728
110040
107773
105018
103010
101132
99674
97065
94790
92938
91266
89393
87914
86368
84823
83054
81620
79362
77884
76636
75245
73602
71908
70025
68848
68008
67220
66326
65083
63379
61687
60151
58926
57959
56991
55855
54754
53411
52023
50529
49485
48464
47463
46016
44076
42258
41788
41381
40978
40467
39949
39472
39112
38726
38269
37351
36054
35514
35176
34878
34518
34108
33523
32940
32420
31887
31001
29010
26358
23581
21394
19943
18921
18185
16878
16234
15864
15515
15085
14576
13823
13022
11958
11217
9811
7629
2753
