248158
242799
191995
181822
170004
163453
154782
151048
125097
121312
117663
115374
112198
110162
104331
102554
100233
98489
96630
95453
92577
90302
88589
86909
85173
83714
82232
80610
78715
77250
74891
73583
72416
70985
69275
67729
65982
64831
64057
63401
62538
61416
59579
57797
56296
55113
54209
53306
52289
51188
49766
48446
47019
46070
45143
44195
42953
40964
39002
38509
38132
37762
37262
36785
36294
35945
35580
35158
34295
32917
32397
32094
31837
31546
31217
30737
30253
29814
29365
28545
26888
24443
21923
19990
18573
17598
17025
16000
15419
15036
14737
14340
13875
13172
12470
11510
10816
9488
7648
2635
