84334
80749
68041
62547
58907
56822
54977
53680
38750
36319
34427
33010
31794
30918
28811
28106
27201
26632
26178
25809
25192
24490
23924
23475
23071
22652
22172
21656
21045
20450
19741
19298
18939
18500
17997
17502
16923
16592
16291
15975
15528
15036
14360
13760
13213
12799
12472
12192
11939
11665
11325
10938
10568
10310
10057
9806
9470
8967
8480
8270
8047
7891
7743
7517
7301
7165
7030
6915
6725
6444
6320
6251
6171
6116
6054
5933
5797
5685
5585
5446
5100
4618
4124
3699
3439
3263
3144
2847
2762
2690
2638
2554
2466
2338
2204
2061
1884
1654
1242
533
