82576
70316
66200
64039
62230
61188
59341
58592
58067
57508
56948
56587
56190
55809
54642
54000
53108
52769
52425
51122
50575
49052
48210
47653
46470
45807
44631
43645
42932
42249
41364
40871
40226
39839
39434
39024
38342
37969
37666
37188
36826
36315
36058
35438
34940
34674
33945
33551
31934
31210
30805
30384
29972
29307
28803
28416
28104
27770
27107
26267
25857
25569
25265
24846
23904
23251
22833
22254
21667
21189
20769
20369
19880
19494
19152
18726
18322
17981
17672
17349
16892
16495
16050
15600
15000
14423
13893
13318
12642
11932
11211
10528
9734
9041
8300
7519
6567
5065
3871
1947
