261032
221963
208419
201492
196009
192967
187693
185874
184321
182693
180969
179764
178566
177335
173734
171908
169317
168282
167287
163293
162000
157257
154447
152881
148906
146897
142523
138963
136474
134301
131567
129886
127710
126216
124955
123643
121309
120094
119225
117674
116629
114900
114090
111967
110502
109662
107167
106044
100694
98546
97416
95759
94385
92044
90578
89595
88561
87569
85136
82682
81430
80524
79426
78094
75771
74309
73192
71742
70059
68764
67689
66464
65003
63725
62672
61408
60148
59119
58050
56823
55363
54204
52883
51310
49295
47582
45756
43792
41724
39387
36975
34574
31976
29567
27242
25036
22129
17433
13490
5559
