209359
198707
157625
148419
139795
102994
91298
77239
72090
60021
55804
52543
51319
50034
48566
47903
47143
46519
45714
45107
44479
43655
42859
42061
41371
40591
39893
39242
38593
37930
37150
36479
35975
35622
35147
34768
34332
33972
33625
33150
32717
32258
31897
31561
31060
30691
30170
29709
29353
28978
28591
28059
27492
26943
26550
26206
25833
25340
24925
24530
24167
23669
23100
22552
22162
21843
21337
20865
20235
19680
19020
18587
18082
17680
17203
16827
16527
16139
15783
15356
14930
14603
14157
13668
13044
12493
12097
11553
10880
10102
8833
7835
6566
6003
5556
4918
4174
2703
1576
397
