88572
84741
60361
57138
55231
32638
29956
24967
23675
20076
18929
18061
17707
17355
16863
16667
16369
16117
15792
15621
15448
15202
14944
14689
14478
14210
14008
13831
13558
13345
12852
12584
12369
12217
12022
11836
11649
11508
11407
11246
11059
10887
10712
10556
10390
10251
10065
9898
9775
9622
9475
9303
9095
8909
8767
8600
8468
8300
8179
8027
7890
7723
7501
7289
7149
6997
6823
6649
6418
6214
5977
5828
5632
5487
5282
5142
5043
4885
4777
4616
4492
4413
4265
4121
3946
3781
3666
3484
3310
3060
2724
2394
2041
1875
1705
1505
1284
829
511
189
