167438
159865
128279
122093
114050
79362
69967
58502
54562
45286
42313
39844
38982
38065
36960
36523
35906
35427
34704
34233
33631
32856
32191
31531
30967
30331
29785
29304
28851
28338
27831
27331
26886
26619
26175
25865
25549
25305
25064
24680
24341
23995
23684
23390
22971
22691
22208
21818
21499
21203
20876
20455
20019
19565
19290
19040
18670
18320
17989
17677
17384
17030
16624
16184
15896
15624
15202
14834
14353
13903
13468
13146
12789
12517
12177
11863
11608
11328
11064
10740
10453
10212
9885
9573
9108
8693
8351
7981
7498
6863
6002
5350
4540
4162
3820
3371
2861
1821
1105
241
