217927
186368
175609
169624
164919
162449
157946
156385
155034
153636
152319
151251
150237
149242
146244
144718
142481
141593
140826
137490
136420
132295
129666
128335
124928
123149
119403
116449
114285
112518
110258
108756
106933
105667
104710
103608
101684
100723
100013
98747
97909
96493
95790
93954
92680
92014
89731
88808
84072
82284
81274
79809
78656
76583
75343
74556
73647
72769
70532
68326
67233
66447
65559
64388
62325
60974
60041
58741
57333
56158
55174
54095
52744
51634
50730
49669
48641
47773
46885
45873
44788
43911
42871
41633
40062
38679
37250
35644
33900
31907
29970
28082
26044
24178
22406
20656
18261
14380
11187
4276
