287480
271879
212726
198956
188119
143019
127464
108161
101018
84900
79268
74951
73283
71497
69483
68648
67580
66701
65441
64660
63628
62354
61163
59942
59012
57802
56748
55847
54861
53895
52834
51884
51099
50556
49805
49226
48612
48081
47559
46876
46224
45503
44973
44416
43733
43157
42395
41711
41211
40673
40081
39401
38648
37906
37383
36927
36352
35637
35101
34543
33968
33301
32506
31740
31162
30620
29882
29170
28291
27549
26598
25965
25216
24731
24055
23526
23051
22544
22033
21437
20919
20425
19804
19019
18201
17417
16872
16167
15251
14097
12189
10686
9145
8389
7711
6835
5863
3626
2164
607
