181151
107531
92973
81277
74253
69676
66348
63621
61605
60097
58858
57564
56113
54538
52630
50411
47561
44704
42059
39780
37852
36290
34802
33509
32435
31549
30765
29964
29287
28586
27913
27240
26577
25955
25425
24900
24331
23849
23363
22879
22450
22052
21665
21294
20985
20647
20353
20064
19802
19521
19222
18954
18686
18390
18099
17778
17447
17142
16824
16513
16173
15859
15539
15213
14885
14571
14235
13887
13551
13201
12868
12528
12167
11759
11405
11084
10764
10438
10106
9814
9514
9221
8922
8562
8190
7772
7299
6781
6229
5645
5031
4343
3666
2834
2248
1740
1243
811
412
181
