206935
177560
168309
163230
158906
156704
151962
150424
149312
148152
146869
146007
145125
144391
141290
139859
137684
136945
136238
132340
131188
127133
124706
123362
120095
118430
115114
112273
110380
108781
106584
105321
103565
102446
101553
100578
98651
97652
96972
95740
94919
93548
92920
91088
89895
89307
87006
86065
81118
79301
78362
77028
75926
73943
72666
71863
71052
70228
68050
65799
64686
63867
62998
61841
59768
58237
57251
55853
54341
53149
52225
51122
49801
48660
47640
46534
45513
44627
43696
42624
41433
40377
39153
37866
36203
34776
33175
31566
29877
27969
26072
24208
22248
20532
18826
17228
14972
11337
8445
3390
