116515
113762
91142
86446
81034
78102
74113
72536
57038
55339
53708
52616
51153
50178
47037
46274
45281
44602
43842
43292
42086
41005
40185
39441
38613
37936
37229
36475
35630
34965
33836
33218
32700
32101
31363
30524
29727
29211
28851
28577
28223
27677
26830
25987
25253
24710
24289
23867
23376
22838
22221
21613
20964
20540
20128
19701
19105
18165
17250
17053
16892
16734
16508
16277
16059
15898
15719
15536
15189
14594
14335
14214
14097
14001
13834
13608
13376
13182
12980
12626
11921
10857
9662
8769
8171
7756
7487
7049
6860
6710
6576
6390
6185
5886
5534
5109
4801
4228
3400
1109
