235777
215502
180615
153401
144988
139805
135969
132808
100749
91974
85616
81549
78061
76025
69375
67462
64541
62396
60831
59646
58237
56586
55144
53706
52471
51378
50161
48878
47434
46083
44071
42330
41268
40380
39315
38489
37587
36879
35798
34687
33320
32233
31131
29972
28645
27542
26544
25784
24907
24123
23228
22470
21612
20914
19901
19258
18457
17544
16612
15925
15133
14738
14253
13650
13023
12369
11845
11585
11161
10740
10445
10216
10054
9916
9731
9484
9211
8837
8597
8279
7766
7085
6480
6009
5755
5571
5426
5251
5104
4982
4815
4580
4321
3992
3557
3082
2563
1911
1074
357
