254201
240750
191067
179537
169216
128151
114106
96777
90547
74760
69690
65877
64377
62852
61062
60320
59423
58691
57599
56805
55836
54570
53373
52223
51282
50135
49175
48328
47482
46608
45594
44776
44065
43591
42929
42379
41900
41431
40993
40398
39888
39332
38850
38385
37737
37251
36643
36013
35501
35036
34502
33937
33339
32693
32224
31828
31287
30681
30149
29699
29219
28653
28017
27358
26862
26396
25774
25170
24428
23740
22943
22397
21754
21316
20716
20220
19821
19337
18859
18293
17825
17418
16869
16211
15487
14771
14334
13741
12916
11929
10418
9149
7752
7190
6689
5945
5122
3084
1890
437
