246716
230627
193617
173863
161683
154661
149129
145990
119954
113207
107568
103398
99185
96771
90499
88217
85361
83307
81454
80019
78264
76437
74866
73179
71677
70379
69100
67724
66222
64869
62653
60808
59558
58337
57010
55847
54641
53788
52842
51835
50666
49454
47946
46455
44929
43625
42605
41739
40681
39558
38300
37193
36066
35232
34260
33351
32216
30679
29404
28778
28102
27718
27251
26709
26109
25591
25049
24660
23889
23071
22624
22327
22074
21800
21477
21040
20573
20036
19577
18942
17600
15905
14424
13204
12444
11898
11501
10952
10543
10249
9988
9604
9164
8615
7943
7197
6444
5394
3654
1387
