74991
65007
52883
51368
49392
48074
47546
43958
42891
41620
41176
35877
34631
32484
31855
30800
30003
29023
27639
26851
25788
24737
23784
23557
23041
22709
22288
21819
21629
21378
21200
20989
20721
19921
19524
19277
19036
18851
18571
18002
17906
17653
17535
17419
17323
17238
17099
16824
16714
16638
16381
16140
15934
15777
15651
15516
15068
14844
14649
14409
14165
13963
13676
13521
13261
12518
12168
11939
11792
11648
11484
11318
11184
11053
10881
10652
10449
10300
10027
9773
9594
9423
9243
9009
8820
8589
8388
8119
7880
7660
7442
7177
6868
6589
6263
5871
4935
3351
3088
2528
