78891
66876
62983
60817
59011
58066
56218
55514
55008
54514
54052
53689
53325
52929
51778
51229
50457
50150
49824
48596
48049
46598
45734
45188
44080
43472
42254
41335
40650
40019
39212
38748
38164
37756
37393
37018
36279
35913
35628
35171
34883
34421
34179
33521
33048
32789
32052
31653
30129
29332
28923
28531
28139
27453
26941
26555
26244
25891
25333
24477
24049
23796
23505
23100
22132
21504
21108
20562
20006
19572
19229
18826
18364
17998
17658
17296
16918
16595
16267
15901
15509
15144
14770
14367
13840
13378
12908
12387
11800
11061
10388
9737
8957
8281
7611
6905
6094
4790
3705
1829
