70157
59912
56611
54650
53107
52279
50651
50095
49639
49222
48771
48485
48170
47857
46778
46250
45514
45258
44985
43852
43440
42022
41214
40774
39652
39068
37915
37025
36391
35880
35134
34722
34156
33823
33531
33178
32474
32185
31964
31509
31262
30809
30577
29924
29453
29226
28483
28189
26538
25954
25635
25185
24795
24072
23657
23358
23066
22765
21975
21193
20843
20572
20277
19880
19083
18579
18233
17778
17288
16901
16590
16238
15836
15482
15169
14799
14478
14156
13906
13588
13236
12910
12527
12130
11674
11236
10792
10292
9791
9160
8568
7978
7388
6875
6291
5728
5095
4004
3173
1461
