127794
121573
103482
96994
91078
88113
85028
83678
60806
58561
56431
55247
53247
51983
47571
46598
45270
44416
43373
42613
41551
40631
39730
38908
38059
37285
36411
35649
34682
33946
32628
31719
31091
30449
29715
29036
28398
27888
27452
26996
26483
25930
25177
24422
23591
22927
22427
21923
21389
20873
20224
19619
19021
18631
18193
17765
17255
16423
15587
15284
15038
14870
14612
14379
14126
13901
13709
13560
13234
12760
12531
12364
12248
12118
11944
11713
11481
11242
11040
10723
10079
9181
8198
7411
6879
6535
6323
6006
5769
5635
5522
5352
5153
4875
4535
4116
3816
3341
2650
1018
