164153
156882
123852
117765
110894
72979
64275
53609
49778
41770
39126
36827
36008
35138
34115
33687
33141
32662
31940
31513
31046
30445
29960
29367
28851
28279
27785
27352
26988
26544
26063
25620
25240
25019
24632
24365
24079
23833
23602
23231
22971
22595
22299
21998
21545
21248
20761
20357
20022
19733
19435
19010
18610
18211
17939
17714
17433
17103
16822
16543
16233
15938
15586
15160
14857
14613
14289
13911
13486
13094
12666
12369
12040
11794
11445
11162
10937
10667
10407
10065
9799
9579
9271
8919
8499
8130
7864
7476
7079
6522
5810
5136
4437
4047
3684
3208
2701
1770
1056
353
