82857
80405
64786
60353
56260
53787
51132
49886
41262
39808
38491
37532
36309
35582
33842
33168
32391
31843
31367
30967
30201
29554
28983
28430
27881
27445
26953
26390
25826
25327
24593
24124
23793
23310
22783
22200
21557
21210
20982
20750
20427
19974
19339
18718
18254
17920
17623
17323
16981
16587
16132
15644
15172
14862
14566
14240
13663
13027
12514
12388
12273
12189
12041
11872
11717
11608
11477
11308
10960
10600
10440
10342
10275
10206
10090
9939
9799
9648
9503
9232
8571
7764
6922
6300
5890
5623
5468
5231
5084
4993
4891
4767
4606
4395
4171
3886
3608
3131
2127
727
