178366
169469
124510
116627
112071
78553
70628
60743
57226
47972
44850
42446
41461
40514
39263
38794
38155
37607
37006
36560
36108
35554
35030
34465
33969
33310
32810
32358
31820
31246
30594
30036
29649
29286
28858
28554
28221
27887
27583
27201
26790
26353
26031
25694
25317
25008
24566
24158
23868
23477
23146
22739
22318
21835
21539
21225
20906
20525
20251
19969
19654
19244
18746
18212
17864
17532
17144
16774
16297
15835
15368
15020
14595
14307
13844
13515
13226
12912
12618
12267
11966
11705
11357
10956
10443
9994
9701
9263
8777
8086
7081
6282
5363
4898
4471
3962
3385
2203
1353
475
