168545
144125
136233
131933
128343
126584
122679
121416
120498
119452
118321
117568
116837
116142
113705
112505
110779
110154
109573
106598
105647
102498
100550
99502
96877
95527
92842
90603
88994
87696
85869
84846
83425
82559
81809
80965
79492
78754
78195
77217
76591
75424
74898
73490
72522
71990
70298
69594
65733
64319
63563
62570
61695
59998
59062
58430
57790
57192
55547
53731
52857
52296
51538
50664
49020
47852
47051
45905
44674
43737
42982
42126
41064
40156
39435
38590
37817
37121
36342
35484
34497
33712
32775
31759
30358
29165
27955
26734
25456
23925
22313
20723
19171
17781
16439
15089
13215
10237
7877
2907
