249876
243317
196105
184496
172434
165527
157136
153283
128713
124449
120670
117715
114171
111896
106188
103975
101297
99218
97311
96009
93394
91272
89434
87833
86199
84770
83407
81896
80124
78738
76648
75465
74344
73010
71345
69699
67833
66706
65922
65180
64233
63028
61190
59372
57832
56620
55668
54744
53742
52615
51334
50063
48737
47810
46931
45976
44589
42612
40901
40397
39961
39592
39103
38649
38200
37869
37488
37077
36157
35024
34440
34101
33834
33524
33138
32602
32077
31572
31016
30118
28237
25729
23164
21142
19730
18675
17851
16255
15510
15088
14820
14410
13936
13317
12585
11563
10838
9550
7546
3332
