146289
123305
115368
111189
107970
106130
102734
101440
100385
99398
98419
97812
97112
96426
94206
93141
91756
91123
90585
88109
87310
84726
83217
82276
80159
79070
76982
75222
73984
72832
71415
70509
69330
68609
67982
67258
66012
65342
64838
63935
63393
62464
61996
60770
59938
59450
58079
57459
54528
53304
52618
51717
50993
49714
48876
48270
47664
47141
45999
44591
43895
43412
42872
42097
40685
39732
39084
38160
37178
36437
35824
35109
34302
33566
32945
32273
31691
31138
30554
29908
29239
28562
27876
27137
26175
25323
24426
23435
22363
21075
19795
18582
17265
16051
14896
13657
12180
9739
7637
3576
