68219
57489
54016
52253
50674
49805
48326
47654
47203
46763
46316
46044
45690
45348
44456
43977
43308
43032
42774
41833
41403
40213
39506
39075
38124
37642
36591
35812
35224
34661
33973
33577
33114
32748
32421
32112
31535
31220
30958
30553
30278
29852
29638
29129
28786
28559
27970
27635
26473
25843
25549
25180
24835
24339
23911
23575
23325
23056
22624
22040
21722
21485
21234
20913
20167
19662
19330
18882
18398
18014
17698
17349
16991
16675
16373
16045
15696
15385
15054
14731
14376
14084
13698
13334
12848
12446
12018
11476
10982
10380
9737
9153
8465
7885
7345
6672
5873
4585
3575
1766
