139985
136835
108764
102877
96554
92793
87852
85842
68996
66891
64926
63612
61803
60682
57115
56229
55034
54157
53219
52642
51054
49834
48788
47836
46870
46090
45280
44396
43345
42521
41248
40542
39820
39066
38134
37197
36180
35589
35170
34761
34248
33552
32521
31529
30595
29916
29371
28845
28244
27606
26828
26095
25275
24707
24175
23652
23016
21878
20710
20412
20204
20008
19733
19431
19159
18962
18731
18491
18027
17293
16956
16801
16658
16497
16320
16062
15789
15557
15303
14876
14067
12783
11423
10328
9625
9214
8927
8422
8182
7977
7812
7605
7363
7011
6591
6059
5663
4900
3885
1158
