31841
28054
23515
22994
21758
20886
20618
18126
17628
17004
16837
14384
13978
13077
12893
12469
12156
11814
11181
10870
10372
9918
9453
9360
9118
8985
8782
8573
8506
8422
8368
8304
8195
7813
7627
7545
7442
7375
7267
6989
6958
6842
6784
6753
6716
6673
6617
6491
6463
6432
6312
6209
6146
6088
6044
5987
5784
5673
5588
5488
5383
5303
5169
5095
4964
4581
4387
4264
4180
4108
4022
3953
3903
3859
3783
3661
3576
3516
3404
3304
3232
3143
3069
2979
2903
2806
2710
2627
2541
2487
2410
2318
2199
2098
1940
1786
1561
1146
1039
847
