101504
87585
71377
69280
66753
65079
64300
60083
58621
56962
56348
49025
47064
44187
43303
41959
40852
39481
37731
36706
35404
33958
32815
32420
31725
31281
30729
30140
29844
29490
29219
28896
28535
27506
26909
26579
26221
25905
25543
24875
24724
24426
24240
24091
23950
23833
23678
23320
23197
23107
22782
22463
22218
21969
21803
21610
21030
20719
20520
20224
19946
19685
19344
19159
18782
17735
17206
16913
16676
16443
16194
15962
15786
15606
15351
15079
14810
14631
14237
13828
13572
13353
13119
12809
12571
12318
12067
11733
11439
11157
10826
10507
10109
9731
9248
8672
7403
4861
4586
4006
