100962
85788
80857
78306
76015
74808
72667
71771
71044
70338
69728
69317
68820
68396
67110
66373
65397
65038
64662
63230
62673
60774
59658
59011
57511
56768
55114
53807
52853
52073
51040
50439
49622
49093
48613
48128
47263
46816
46447
45847
45440
44745
44406
43644
43049
42709
41755
41332
39221
38397
37939
37362
36876
36069
35503
35078
34670
34297
33356
32342
31859
31490
31116
30601
29599
28872
28442
27707
26984
26406
25910
25401
24800
24280
23837
23301
22836
22390
21921
21413
20830
20344
19754
19160
18415
17709
17037
16256
15425
14409
13420
12442
11462
10591
9687
8750
7733
6002
4594
2237
