240003
223123
188982
166697
156065
150255
145663
142594
114905
106963
100810
96443
92288
89924
83681
81666
78802
76697
74959
73456
71716
69704
68177
66468
65033
63690
62332
60968
59469
58125
55976
54300
53039
51883
50642
49482
48309
47475
46473
45449
44144
42976
41568
40228
38712
37436
36340
35551
34550
33519
32367
31393
30422
29690
28779
28039
27072
25846
24686
24050
23318
22927
22446
21925
21361
20794
20305
19986
19353
18783
18416
18098
17888
17688
17417
16987
16598
16125
15743
15211
14027
12633
11464
10539
9999
9557
9196
8672
8290
8046
7805
7476
7050
6582
6047
5441
4910
4109
2683
1269
