109604
95314
78777
76624
73557
71624
70861
65840
64475
62726
62223
53455
51576
48200
47354
45684
44425
42873
40805
39655
38014
36287
34764
34440
33563
33136
32485
31771
31476
31109
30873
30581
30178
28947
28303
28020
27600
27314
26919
26087
25960
25607
25395
25251
25116
24981
24814
24403
24301
24211
23821
23393
23125
22900
22692
22467
21722
21335
21038
20654
20271
19948
19434
19125
18689
17375
16627
16271
16016
15730
15467
15185
14974
14779
14479
14121
13780
13607
13151
12739
12431
12196
11918
11544
11299
10966
10625
10290
9971
9664
9327
8994
8594
8226
7726
7154
6211
4321
3904
3208
