411111
381096
324043
288440
270501
261129
253684
249115
195020
182465
172313
166177
159400
155420
142497
139165
134288
130766
127328
124812
121763
118479
115753
112931
110399
108011
105510
103086
100331
98080
94164
90848
88662
86674
84540
82707
80886
79457
77695
75834
73674
71781
69576
67480
64801
62554
60620
59144
57428
55842
53955
52326
50669
49374
47680
46397
44752
42757
40737
39588
38323
37694
36863
35923
34835
33832
32994
32488
31570
30574
29859
29393
29006
28664
28208
27443
26750
25932
25330
24518
22857
20763
18770
17215
16270
15570
14997
14245
13602
13187
12809
12281
11651
10833
9950
8742
7798
6471
4606
2000
