169553
142952
134444
129873
126144
124163
120356
119040
117992
116855
115736
115000
114191
113434
110882
109752
107956
107267
106628
103880
103008
99932
98136
97058
94509
93192
90683
88408
86847
85550
83875
82883
81490
80570
79829
79020
77506
76738
76191
75200
74502
73348
72804
71347
70313
69711
68147
67454
64018
62561
61845
60839
59925
58338
57345
56674
56047
55376
53905
52264
51475
50940
50353
49541
47904
46875
46206
45230
44212
43418
42717
41870
40934
40075
39347
38556
37858
37218
36574
35770
34857
34142
33270
32379
31238
30205
29065
27824
26607
25058
23541
22071
20411
18864
17454
16002
14046
11095
8682
3715
