221932
188545
177339
171566
166816
164267
159529
157896
156581
155131
153653
152657
151585
150623
147597
146072
143909
143032
142223
138775
137629
133648
131200
129799
126569
124870
121324
118368
116311
114588
112241
110853
108879
107652
106660
105617
103645
102616
101886
100551
99629
98244
97534
95725
94458
93770
91632
90747
86022
84207
83234
81811
80698
78685
77431
76609
75732
74835
72803
70440
69344
68596
67713
66539
64265
62795
61832
60424
59020
57861
56889
55779
54443
53347
52414
51293
50279
49402
48533
47489
46257
45271
44143
42847
41311
39931
38422
36792
35064
32943
30904
28941
26832
24957
23084
21202
18769
14754
11392
4784
