169730
162893
135867
126581
117537
112943
107796
105952
84387
81386
78585
76619
73908
72416
67674
66577
64966
63868
62604
61518
59924
58421
57120
55889
54538
53566
52550
51570
50468
49655
48048
46789
45863
44910
43860
42990
42169
41708
41138
40578
39913
39202
38169
37189
35947
34998
34285
33522
32598
31678
30577
29709
28845
28260
27534
26876
25978
24938
23879
23452
23051
22764
22314
21826
21311
20882
20539
20168
19653
18902
18486
18240
18019
17831
17577
17159
16731
16317
15928
15357
14496
13352
12189
11231
10697
10343
10120
9808
9501
9280
9022
8688
8270
7755
7120
6226
5517
4436
2916
759
