178719
170090
128149
121586
116800
77173
69710
58496
54788
45643
42568
40322
39457
38535
37435
36952
36343
35863
35261
34833
34350
33782
33194
32636
32117
31512
31003
30521
30035
29478
28859
28296
27860
27575
27188
26871
26522
26231
25956
25582
25178
24761
24459
24157
23763
23521
23067
22694
22398
22107
21792
21417
20997
20568
20280
19978
19630
19262
18945
18671
18348
18008
17554
17076
16754
16462
16069
15684
15190
14744
14231
13925
13535
13203
12781
12472
12229
11932
11670
11337
11016
10777
10405
9993
9502
9070
8768
8406
7922
7303
6428
5672
4852
4475
4112
3661
3110
1975
1143
346
