293720
277542
214886
200809
189536
145186
129365
110441
103438
87018
81074
76753
75032
73299
71160
70283
69240
68360
67167
66353
65275
64066
62838
61651
60603
59397
58368
57434
56383
55339
54177
53189
52457
51885
51193
50604
50013
49420
48859
48204
47573
46820
46273
45721
45054
44488
43742
43070
42528
41915
41327
40589
39783
38976
38471
37954
37420
36682
36094
35566
35004
34292
33446
32593
31949
31372
30621
29928
29043
28267
27272
26592
25839
25283
24583
24034
23556
23025
22509
21803
21199
20754
20093
19352
18476
17674
17165
16401
15481
14276
12413
10901
9282
8525
7864
6966
5938
3648
2108
620
