132604
128015
104841
101050
98972
38550
35963
28554
26941
22888
21466
20381
19939
19475
18868
18616
18289
18017
17702
17530
17353
17128
16908
16647
16442
16145
15887
15668
15456
15191
14875
14565
14367
14199
13934
13784
13588
13434
13294
13090
12889
12669
12506
12350
12170
12039
11788
11592
11466
11293
11106
10876
10666
10429
10298
10164
10018
9843
9703
9542
9359
9172
8911
8654
8456
8290
8080
7882
7628
7401
7153
6989
6758
6605
6368
6221
6103
5937
5793
5605
5439
5311
5133
4974
4751
4565
4449
4224
3986
3718
3327
2939
2554
2335
2111
1822
1507
964
574
240
