74749
65144
62559
60786
59175
58516
56555
56050
55716
55386
55012
54762
54516
54303
53042
52468
51607
51303
51065
49451
48935
47181
46130
45542
44282
43628
42447
41470
40829
40285
39511
39163
38529
38183
37922
37562
36805
36461
36253
35779
35489
34946
34730
33923
33420
33166
32203
31879
29731
28922
28533
28082
27705
26829
26244
25902
25562
25272
24292
23212
22764
22459
22106
21632
20534
19790
19314
18671
17962
17418
17006
16565
16001
15565
15192
14810
14399
14030
13691
13311
12849
12417
11971
11498
10864
10330
9762
9188
8560
7803
7202
6605
5919
5415
4945
4433
3792
2799
2052
883
