128683
72802
63225
54645
48987
44985
42171
40022
38552
37551
36726
35789
34678
33532
32271
30721
28990
27070
25315
23764
22432
21380
20443
19655
18923
18366
17861
17397
16975
16533
16151
15789
15388
15066
14757
14448
14146
13823
13506
13215
12914
12645
12380
12131
11923
11716
11540
11392
11233
11066
10921
10746
10573
10394
10207
10031
9858
9716
9557
9399
9237
9094
8926
8763
8614
8441
8283
8111
7942
7756
7577
7387
7152
6962
6749
6529
6321
6114
5890
5693
5521
5309
5080
4852
4610
4375
4128
3888
3607
3284
2931
2575
2138
1732
1378
1053
776
514
289
110
