78170
68221
65151
63236
61395
60530
58552
57878
57365
56927
56506
56117
55850
55603
54282
53674
52900
52591
52342
50692
50084
48386
47420
46835
45572
44884
43656
42625
41956
41384
40586
40189
39519
39127
38790
38454
37721
37356
37099
36616
36293
35742
35546
34774
34288
34022
33095
32754
30722
29910
29530
29075
28656
27830
27278
26920
26592
26265
25467
24412
23942
23664
23332
22833
21649
20810
20296
19559
18877
18334
17913
17430
16938
16484
16082
15633
15208
14855
14467
14142
13673
13259
12736
12187
11505
10939
10323
9759
9163
8436
7818
7122
6399
5777
5234
4634
3937
2823
2056
943
