184742
155714
145443
140271
136273
133981
130172
128712
127324
125933
124630
123794
122931
122021
119467
118241
116546
115819
115171
112216
111358
108225
106304
105186
102566
101208
98339
95945
94213
92687
90832
89676
88243
87192
86357
85430
83936
83136
82546
81491
80731
79524
78938
77427
76431
75841
74079
73318
69589
68228
67432
66193
65207
63579
62619
61874
61162
60400
58535
56862
56005
55388
54652
53785
52271
51185
50467
49426
48298
47424
46673
45847
44818
43915
43160
42354
41540
40830
40126
39283
38377
37643
36750
35701
34471
33376
32142
30767
29379
27764
26186
24564
22908
21230
19512
18038
16067
12921
10075
4365
