114911
110443
93665
87888
82442
79581
76564
75307
54355
52479
50597
49523
47759
46787
42453
41693
40528
39806
38937
38393
37343
36450
35656
34882
34098
33510
32811
32199
31417
30808
29562
28793
28243
27669
27034
26463
25852
25478
25099
24746
24334
23843
23119
22472
21670
21145
20695
20261
19772
19232
18647
18123
17534
17146
16756
16360
15864
15113
14353
14122
13935
13777
13554
13314
13053
12856
12668
12523
12182
11693
11452
11325
11230
11114
10974
10763
10549
10348
10192
9909
9328
8518
7664
6989
6569
6259
6076
5789
5605
5470
5346
5185
5004
4731
4427
4035
3712
3198
2445
812
