107435
103954
86528
81651
76506
73806
70365
69172
52495
50902
49345
48454
46775
45815
42292
41649
40642
40030
39279
38719
37597
36676
35908
35165
34365
33727
33098
32475
31736
31238
30223
29561
29030
28417
27789
27179
26598
26221
25877
25568
25218
24722
24031
23372
22699
22192
21795
21344
20822
20280
19636
19085
18524
18122
17657
17240
16731
15945
15160
14939
14742
14618
14415
14169
13901
13691
13477
13277
12992
12475
12224
12093
11967
11824
11687
11441
11204
11010
10823
10489
9920
9041
8188
7463
6971
6712
6544
6366
6198
6062
5952
5769
5531
5226
4818
4362
4004
3402
2543
636
