133792
129139
102802
99146
97380
38273
35858
28621
27049
22714
21236
20194
19753
19296
18717
18432
18087
17805
17495
17323
17120
16894
16714
16461
16252
15995
15790
15566
15347
15106
14726
14411
14193
14029
13784
13624
13435
13283
13130
12956
12762
12547
12390
12234
12045
11935
11688
11524
11402
11242
11103
10932
10748
10530
10392
10245
10105
9903
9765
9596
9444
9260
9033
8756
8582
8411
8216
8036
7796
7537
7319
7163
6942
6793
6561
6411
6288
6141
6001
5797
5665
5555
5405
5218
4966
4767
4636
4439
4204
3927
3514
3091
2630
2380
2188
1953
1698
1160
680
227
