94587
81804
67189
65428
62349
60211
59545
54102
52777
51300
50762
44372
42769
40191
39302
38207
37159
35859
34206
33297
32081
30840
29808
29512
28883
28493
27937
27411
27145
26788
26523
26214
25899
24965
24496
24118
23807
23526
23207
22587
22459
22164
22013
21878
21740
21612
21479
21131
21014
20918
20655
20375
20151
19905
19736
19569
19133
18872
18677
18401
18148
17909
17624
17403
17096
16373
15950
15645
15454
15228
15002
14771
14599
14443
14235
13957
13708
13504
13111
12700
12447
12241
12066
11800
11568
11316
11042
10728
10424
10137
9845
9537
9148
8842
8397
7829
6612
4266
3957
3353
