103802
97019
83553
75884
71558
69441
67606
66816
46236
43602
41244
40166
38588
37778
33557
32851
31672
30870
29894
29349
28504
27663
26954
26273
25626
25028
24364
23747
22965
22382
21226
20316
19791
19318
18805
18421
18057
17749
17307
16838
16307
15894
15414
14924
14156
13591
13155
12772
12382
11955
11481
11123
10733
10408
9963
9642
9274
8834
8315
7972
7605
7447
7184
6853
6533
6256
5973
5873
5725
5505
5346
5207
5140
5069
4971
4840
4666
4437
4321
4160
3912
3593
3285
3015
2860
2782
2709
2628
2549
2482
2394
2282
2158
2007
1775
1505
1266
973
611
132
