57805
32521
28540
24696
22050
20302
19137
18247
17650
17181
16847
16449
15956
15424
14802
14107
13251
12331
11581
10914
10287
9780
9335
8969
8641
8368
8101
7865
7657
7466
7297
7164
7007
6867
6745
6626
6493
6347
6228
6125
6000
5886
5782
5676
5613
5538
5450
5384
5318
5253
5183
5114
5040
4972
4897
4813
4716
4641
4566
4493
4400
4332
4246
4157
4091
4015
3934
3861
3773
3686
3610
3506
3397
3302
3207
3114
3023
2950
2837
2740
2641
2542
2461
2367
2267
2155
2024
1893
1750
1593
1423
1211
1001
791
648
528
409
273
123
42
