247546
231747
194329
175418
163769
156911
151560
148684
117329
111138
105846
102471
98429
96258
88629
86712
83982
81934
80045
78597
76661
74869
73174
71439
69868
68565
67156
65695
64108
62793
60515
58458
57167
55936
54546
53422
52283
51477
50538
49476
48296
47073
45644
44241
42630
41292
40290
39305
38219
37136
35887
34766
33605
32714
31664
30824
29781
28323
26948
26169
25430
25050
24540
23910
23135
22448
21869
21501
20864
20108
19653
19341
19132
18907
18622
18213
17800
17315
17005
16497
15421
14028
12686
11578
10963
10542
10254
9896
9572
9321
9072
8759
8373
7866
7174
6335
5604
4635
3233
1098
