293757
277094
232288
210644
195473
186992
179652
175368
144373
137099
130825
126064
120989
118107
110431
107687
104260
101880
99857
98135
96034
93895
91913
89951
88013
86431
84874
83278
81499
79940
77361
75354
73954
72549
71012
69559
67914
66922
65920
64848
63519
62126
60170
58466
56540
55086
53955
52923
51661
50375
48823
47558
46103
45128
43976
42908
41496
39616
38039
37452
36843
36409
35851
35225
34570
34010
33470
33015
32054
31054
30568
30222
29887
29574
29200
28584
27972
27386
26789
25958
24211
21956
19883
18210
17149
16346
15797
14901
14308
13965
13628
13093
12501
11769
10972
9940
9023
7620
5107
1960
