259821
248725
194301
185642
174070
116254
101797
84945
79251
66016
61768
58100
56856
55431
53834
53091
52179
51530
50488
49829
49128
48173
47323
46419
45654
44711
43919
43207
42569
41815
41025
40235
39625
39241
38551
38135
37681
37301
36963
36364
35835
35284
34875
34415
33751
33301
32576
31951
31473
30989
30536
29948
29369
28735
28302
27901
27421
26881
26435
26003
25520
25012
24390
23682
23213
22817
22252
21683
20953
20304
19658
19200
18650
18247
17711
17285
16899
16462
16056
15549
15147
14826
14340
13819
13166
12572
12169
11593
10971
10185
8954
7889
6803
6241
5726
5000
4191
2571
1486
379
