240500
204362
190885
184155
179065
176161
171302
169572
168049
166394
164747
163626
162415
161219
158092
156451
154148
153171
152255
148975
147863
143587
141014
139530
136001
134164
130174
126903
124567
122519
119978
118395
116451
115067
114010
112817
110750
109622
108773
107406
106401
104830
104024
102177
100819
100017
97837
96824
91784
89927
88840
87203
85933
83723
82443
81564
80524
79472
76997
74749
73674
72843
71901
70703
68744
67450
66531
65221
63757
62581
61570
60545
59205
58026
57067
56017
55010
54078
53212
52182
51003
50067
48907
47630
46068
44597
42984
41195
39377
37240
35171
33067
30784
28682
26506
24580
22004
17859
14054
5325
