176077
165037
140563
125293
117193
112552
109153
106178
87407
81150
76554
72403
69319
67399
63573
61841
59519
57867
56656
55407
54242
53047
51911
50843
49888
49061
48232
47293
46314
45380
43869
42716
41938
41147
40181
39206
38080
37360
36657
35917
34920
33962
32607
31474
30297
29362
28582
27988
27341
26632
25837
25083
24300
23776
23081
22471
21650
20651
19917
19488
19041
18698
18362
17978
17575
17263
16965
16721
16126
15704
15442
15183
14969
14780
14564
14240
13900
13570
13223
12817
11883
10825
9904
9195
8703
8233
7863
7068
6694
6503
6303
6015
5711
5354
5011
4569
4164
3581
2518
1537
