96141
80928
75827
73207
71002
69777
67854
67048
66373
65734
65191
64816
64472
64069
62868
62162
61230
60880
60550
59085
58491
56761
55788
55165
53765
53017
51586
50447
49614
48825
47878
47241
46466
45865
45425
44964
44195
43701
43332
42788
42373
41743
41417
40678
40121
39781
38961
38536
36940
36165
35726
35165
34669
33940
33356
32913
32545
32118
31477
30589
30145
29802
29454
29000
28042
27370
26905
26276
25571
25044
24634
24141
23576
23117
22698
22224
21779
21362
20953
20508
19958
19481
18921
18425
17764
17142
16470
15769
14983
14110
13164
12345
11452
10703
9852
9018
7873
6149
4782
2287
