158730
152211
122496
117034
109887
71540
62816
52134
48483
40087
37402
35077
34336
33497
32557
32145
31601
31207
30459
30051
29534
28909
28374
27747
27252
26680
26172
25721
25313
24916
24465
24054
23741
23512
23111
22849
22607
22353
22155
21826
21542
21203
20955
20668
20261
19957
19508
19109
18796
18522
18248
17894
17572
17187
16912
16729
16458
16104
15848
15593
15300
15013
14694
14289
14037
13808
13478
13131
12673
12278
11869
11569
11219
10955
10656
10393
10190
9948
9700
9391
9111
8888
8589
8303
7888
7538
7258
6924
6511
6032
5315
4660
3995
3694
3367
2941
2493
1553
935
242
