36322
31668
25917
25174
24105
23406
23128
21274
20794
20209
20008
17307
16633
15612
15318
14800
14393
13964
13330
12987
12489
11943
11451
11349
11103
10971
10776
10539
10443
10310
10247
10151
10036
9615
9413
9301
9178
9085
8946
8685
8635
8517
8455
8408
8359
8306
8256
8127
8094
8049
7921
7808
7711
7601
7531
7448
7241
7134
7034
6918
6788
6689
6545
6467
6341
5976
5767
5636
5544
5460
5376
5277
5219
5170
5077
4955
4858
4774
4653
4497
4387
4291
4218
4112
4004
3871
3750
3622
3499
3389
3291
3187
3047
2931
2747
2527
2170
1531
1401
1121
