73985
64472
62096
60031
58353
57679
55441
54920
54612
54347
54010
53832
53607
53454
51764
51142
50145
49885
49598
47946
47389
45525
44432
43876
42512
41861
40589
39525
38875
38335
37463
37085
36463
36099
35806
35453
34564
34198
34013
33520
33270
32753
32588
31663
31138
30956
29889
29560
27409
26574
26224
25720
25296
24443
23845
23465
23176
22826
22003
20943
20520
20256
19946
19434
18210
17568
17169
16549
15928
15487
15080
14685
14283
13898
13605
13229
12880
12573
12277
11966
11571
11264
10894
10479
9963
9501
9073
8604
8117
7514
7006
6476
5882
5465
5015
4529
3865
2820
2027
784
