159274
134583
126610
122218
118787
116962
113307
112124
111194
110201
109168
108468
107655
106857
104437
103307
101701
101085
100447
97737
96828
94026
92354
91366
89090
87876
85466
83442
82025
80756
79125
78214
76916
76105
75421
74611
73107
72358
71831
70883
70298
69267
68811
67414
66463
65968
64309
63631
60141
58809
58113
57103
56311
54977
54054
53431
52822
52205
50830
49218
48505
47988
47391
46618
45104
44078
43475
42510
41519
40676
40012
39251
38313
37542
36886
36140
35430
34839
34210
33466
32673
32013
31242
30387
29243
28317
27330
26225
25074
23665
22306
20878
19385
18017
16731
15327
13521
10756
8269
3436
