223682
212205
164965
155146
147756
108541
96683
82009
76768
63366
59068
55828
54647
53362
51831
51203
50527
49870
48916
48198
47329
46219
45198
44220
43409
42497
41691
40973
40260
39591
38816
38156
37605
37228
36732
36304
35900
35446
35041
34542
34070
33568
33163
32716
32221
31804
31254
30789
30401
30027
29598
29121
28600
28042
27655
27317
26910
26384
25946
25541
25117
24613
24095
23542
23115
22689
22179
21689
21074
20494
19817
19362
18825
18426
17915
17539
17202
16818
16406
15921
15496
15135
14676
14104
13484
12888
12462
12008
11327
10488
9109
8021
6871
6415
5922
5240
4503
2733
1559
416
