148813
144227
117210
110199
102604
98657
93594
91730
75088
72841
70567
69041
66987
65656
61765
60848
59479
58510
57373
56556
54884
53510
52370
51331
50215
49382
48506
47657
46621
45891
44455
43577
42774
41868
40939
40075
39211
38694
38195
37769
37266
36604
35653
34731
33797
33080
32479
31809
31012
30233
29340
28579
27733
27192
26576
25988
25221
24178
23157
22811
22546
22307
21901
21557
21176
20904
20610
20316
19795
19116
18726
18521
18326
18146
17892
17538
17157
16825
16525
15952
15015
13737
12457
11444
10747
10286
9975
9614
9321
9071
8850
8554
8208
7703
7102
6290
5751
4765
3641
1020
