109485
105437
88243
82721
77570
74535
71461
70096
54271
52313
50505
49219
47422
46378
43343
42530
41480
40708
40009
39443
38560
37704
36930
36205
35492
34927
34257
33601
32920
32270
31331
30658
30143
29569
28888
28202
27393
26901
26594
26276
25818
25296
24469
23611
22870
22336
21899
21509
21046
20538
19974
19408
18823
18467
18100
17719
17208
16413
15685
15458
15267
15113
14923
14718
14498
14340
14185
14019
13674
13164
12940
12799
12684
12556
12427
12205
12004
11807
11631
11326
10650
9660
8643
7791
7189
6807
6502
5991
5741
5612
5494
5352
5181
4946
4675
4344
4061
3575
2792
1182
