186553
159084
150551
145872
142084
140199
136045
134738
133752
132676
131504
130710
129937
129201
126424
125193
123347
122616
121974
118740
117785
114124
111978
110723
107890
106387
103263
100674
98893
97357
95413
94283
92749
91724
90899
89954
88277
87428
86834
85772
85104
83797
83206
81651
80546
79955
77922
77107
72885
71436
70628
69348
68351
66563
65489
64780
63962
63268
61424
59428
58490
57842
57073
56005
54306
53115
52262
51138
49843
48806
47979
46996
45862
44842
44082
43190
42321
41572
40733
39764
38638
37718
36686
35487
33980
32691
31297
29747
28152
26334
24636
22905
21089
19396
17755
16206
13981
10623
8030
3106
