265286
251341
194057
182098
172504
130583
116098
99201
92875
77028
71837
67858
66285
64715
62851
62078
60999
60163
59092
58262
57369
56244
55220
54157
53311
52132
51193
50402
49636
48817
47791
46949
46291
45831
45178
44674
44153
43679
43225
42633
42037
41431
40971
40407
39791
39323
38603
37944
37430
36884
36370
35705
35011
34346
33876
33413
32884
32279
31744
31255
30774
30165
29479
28777
28234
27751
27145
26554
25787
25052
24244
23701
23066
22580
21911
21417
21011
20542
20093
19524
18988
18598
17990
17364
16571
15816
15348
14706
13856
12783
11183
9846
8399
7705
7118
6328
5403
3469
2059
632
