59428
35187
30820
27125
24716
22965
21813
20796
20177
19699
19382
19001
18512
17993
17412
16674
15719
14714
13715
12932
12196
11613
11104
10670
10325
10030
9749
9539
9350
9173
8943
8747
8573
8403
8242
8097
7941
7797
7657
7505
7357
7201
7068
6957
6849
6748
6662
6590
6521
6446
6373
6289
6198
6107
6019
5921
5843
5756
5656
5576
5478
5394
5307
5201
5115
5024
4928
4827
4702
4596
4502
4393
4272
4165
4035
3890
3781
3662
3537
3412
3308
3203
3100
2986
2870
2737
2602
2458
2301
2114
1898
1664
1415
1160
951
757
562
376
178
83
