109223
93350
88482
85632
83401
82306
79632
78848
78286
77652
77004
76586
76175
75784
74014
73308
72238
71856
71483
69264
68656
66515
65256
64548
62811
61964
60269
58753
57734
56849
55740
55021
54076
53492
53001
52456
51420
50933
50584
49970
49522
48749
48443
47439
46729
46372
45155
44709
42199
41316
40799
40111
39509
38421
37838
37418
36980
36578
35463
34276
33742
33388
32887
32278
31178
30467
29944
29224
28440
27855
27357
26773
26111
25506
25013
24480
23968
23501
22994
22437
21815
21293
20682
20112
19299
18563
17815
16998
16137
15148
14146
13125
12103
11234
10393
9564
8369
6538
4997
2040
