139199
132243
98557
92196
89467
52931
49091
41674
39372
34029
31868
30392
29681
29029
28052
27683
27209
26785
26397
26087
25812
25467
25152
24807
24516
24106
23802
23502
23108
22743
22211
21804
21523
21289
20994
20761
20509
20270
20074
19820
19549
19242
19015
18793
18494
18280
17975
17694
17487
17232
16979
16667
16335
16003
15781
15605
15365
15067
14845
14625
14424
14126
13707
13335
13056
12800
12462
12150
11786
11458
11146
10889
10554
10301
9915
9661
9458
9227
9015
8738
8493
8329
8049
7782
7450
7133
6922
6602
6211
5750
5102
4537
3907
3576
3291
2896
2481
1692
1029
377
