99524
85009
80853
78202
76021
74921
72466
71692
71194
70656
70103
69766
69410
69055
67314
66611
65571
65171
64809
62868
62240
60278
59099
58364
56847
56010
54359
53007
52032
51178
50092
49466
48629
48103
47623
47074
46076
45580
45235
44616
44240
43634
43314
42372
41733
41396
40375
39931
37852
36962
36474
35924
35410
34524
33876
33443
33073
32642
31858
30775
30267
29945
29519
28975
27724
26940
26416
25740
25020
24499
23998
23453
22874
22370
21914
21373
20882
20444
20029
19593
19083
18637
18129
17659
17005
16447
15855
15218
14520
13616
12723
11860
10956
10238
9401
8617
7553
5894
4577
2254
