73828
61614
57231
55083
53374
52326
50925
50224
49645
49070
48573
48220
47805
47358
46445
45885
45125
44812
44520
43749
43360
42153
41447
41012
40065
39575
38543
37713
37048
36467
35800
35302
34729
34305
33939
33571
32985
32611
32350
31891
31569
31163
30912
30434
30050
29818
29232
28889
27765
27121
26769
26343
25959
25400
24966
24605
24323
24048
23526
22907
22592
22357
22096
21769
21111
20687
20365
19971
19538
19175
18882
18522
18136
17791
17502
17204
16876
16573
16279
15952
15591
15259
14955
14584
14147
13679
13283
12729
12170
11548
10934
10336
9691
9050
8380
7720
6863
5490
4381
2178
