36791
22730
19957
17933
16730
15789
15072
14436
14085
13804
13591
13325
12970
12594
12108
11491
10833
10100
9484
8943
8456
8070
7730
7442
7155
6956
6761
6623
6496
6357
6224
6098
5984
5868
5760
5660
5540
5426
5340
5238
5160
5066
4976
4896
4838
4780
4726
4662
4611
4571
4518
4445
4381
4319
4245
4185
4133
4078
4017
3962
3901
3839
3762
3693
3629
3549
3461
3396
3315
3241
3169
3082
2996
2904
2803
2702
2629
2550
2463
2381
2312
2246
2163
2080
1999
1904
1799
1681
1554
1421
1283
1146
982
789
652
531
410
289
137
49
