69210
36190
31535
26384
22620
20227
18727
17645
16894
16245
15692
15116
14409
13765
13139
12507
11752
10949
10245
9649
9137
8673
8272
7974
7735
7518
7291
7090
6848
6639
6451
6292
6117
5973
5834
5702
5561
5411
5303
5153
5048
4923
4816
4713
4634
4556
4498
4430
4370
4298
4232
4173
4101
4023
3948
3885
3814
3751
3687
3624
3560
3487
3410
3342
3278
3204
3138
3072
3008
2934
2872
2801
2728
2632
2543
2467
2389
2307
2217
2138
2056
1959
1862
1775
1695
1601
1492
1358
1223
1111
966
833
698
540
424
327
247
160
74
35
