252476
234359
197596
175003
163735
157264
152463
148887
115325
107773
101542
96998
92820
90454
82994
80801
77637
75683
73972
72610
71091
69579
68104
66591
65218
64030
62868
61667
60216
58874
56666
54850
53686
52574
51243
50181
48992
48265
47342
46281
44981
43784
42227
40839
39355
38047
37044
36245
35211
34214
33084
32141
31029
30295
29274
28431
27314
25950
24858
24236
23618
23240
22773
22229
21587
21025
20526
20209
19530
18863
18480
18207
17970
17784
17565
17154
16753
16317
15943
15416
14373
13105
11932
11015
10538
10195
9891
9497
9186
8973
8706
8350
7952
7481
6880
6225
5489
4363
2630
910
