348139
328738
234577
216829
209760
144210
133563
115372
109372
94406
88684
84786
82866
80937
78336
77342
76054
74892
73873
73078
72313
71313
70376
69274
68367
67160
66192
65273
63956
62881
61221
60105
59261
58545
57800
57020
56259
55600
54909
54325
53523
52741
52074
51404
50668
50167
49418
48762
48254
47564
46931
46145
45313
44556
43992
43407
42780
42022
41454
40912
40339
39532
38609
37622
36904
36259
35354
34610
33674
32766
31691
30920
30061
29404
28373
27685
27163
26479
25901
25153
24567
24043
23336
22510
21664
20706
20184
19347
18273
16915
14733
13066
11267
10397
9620
8441
7313
4670
2755
1088
