84486
79531
67375
61118
56696
54395
52388
50979
42804
40339
38310
36542
34971
34105
31989
31000
29835
29039
28418
27913
27355
26844
26329
25804
25315
24936
24580
24175
23695
23271
22597
22035
21656
21288
20853
20384
19836
19509
19252
18952
18589
18195
17568
17066
16580
16181
15863
15598
15268
14943
14528
14122
13730
13449
13123
12801
12364
11847
11495
11287
11119
10973
10823
10654
10511
10357
10225
10095
9799
9562
9423
9323
9229
9139
9034
8903
8739
8568
8355
8090
7515
6843
6206
5704
5387
5137
4881
4408
4205
4078
3982
3833
3671
3479
3288
3027
2749
2379
1731
874
