85039
74326
61992
60336
56389
53633
53109
46180
45065
43824
43389
37447
35871
33638
32927
31942
31023
29870
28587
27713
26598
25419
24452
24195
23663
23344
22944
22485
22268
22007
21828
21585
21314
20521
20136
19874
19602
19380
19121
18657
18574
18345
18211
18102
17997
17898
17791
17556
17461
17380
17162
16873
16675
16515
16399
16253
15836
15595
15426
15218
14964
14714
14470
14313
14045
13427
13011
12785
12620
12431
12247
12042
11908
11758
11526
11267
11026
10879
10532
10188
9978
9793
9647
9413
9235
9012
8766
8473
8211
7960
7744
7501
7187
6920
6593
6186
5314
3751
3418
2870
