144772
139397
113218
109133
106836
45195
42174
33065
31097
25822
24073
22820
22303
21728
21082
20788
20421
20098
19730
19520
19309
19075
18802
18525
18260
17911
17632
17390
17116
16824
16432
16086
15857
15665
15396
15221
15030
14882
14738
14523
14333
14089
13908
13728
13497
13346
13053
12850
12681
12514
12325
12089
11833
11575
11414
11276
11105
10896
10731
10560
10394
10183
9910
9595
9409
9244
9014
8792
8506
8263
8007
7808
7593
7436
7173
6996
6847
6693
6567
6375
6213
6089
5901
5682
5443
5233
5085
4894
4593
4292
3762
3332
2814
2544
2328
2041
1753
1114
709
225
