207329
175404
163797
158151
153635
151105
146961
145347
144005
142575
141195
140262
139224
138123
135457
134022
131999
131122
130282
127612
126622
122961
120825
119577
116517
114978
111714
109000
107116
105549
103373
102028
100333
99118
98179
97150
95468
94543
93844
92665
91792
90386
89701
88169
87018
86351
84489
83577
79540
77879
76911
75570
74442
72644
71389
70587
69783
68789
66961
65044
64133
63469
62652
61636
59778
58603
57745
56514
55202
54181
53338
52360
51207
50244
49437
48453
47530
46743
45935
45028
44068
43295
42349
41306
39971
38738
37409
35928
34404
32400
30612
28782
26858
24896
22782
21026
18737
15000
11736
5139
