99700
83215
77422
74635
72239
70803
68876
67815
66911
66128
65439
64990
64495
63837
62585
61810
60831
60416
60023
58850
58303
56676
55701
55113
53767
53090
51712
50591
49716
48892
48031
47427
46721
46191
45700
45230
44512
44028
43660
43035
42624
42072
41762
41131
40662
40305
39514
39058
37422
36647
36205
35700
35209
34520
33953
33433
32994
32539
31776
30956
30456
30186
29843
29406
28535
27917
27505
26876
26248
25740
25318
24848
24357
23877
23436
22993
22524
22133
21681
21224
20802
20391
19905
19470
18855
18291
17669
17000
16302
15453
14580
13795
12871
12010
11114
10212
9127
7395
5905
3228
