44795
38868
32679
31883
30381
29439
29115
26342
25731
24982
24714
21070
20316
19021
18674
18053
17515
16880
15938
15510
14776
14187
13504
13383
13038
12835
12560
12247
12128
11964
11862
11755
11579
11153
10916
10789
10613
10469
10299
9900
9850
9715
9641
9584
9514
9449
9387
9188
9141
9088
8969
8836
8730
8639
8557
8460
8187
8041
7961
7820
7685
7579
7379
7284
7151
6657
6393
6221
6126
6053
5958
5858
5767
5692
5585
5430
5306
5216
4988
4786
4656
4545
4442
4302
4168
4042
3877
3743
3612
3487
3360
3255
3103
2966
2794
2551
2127
1484
1359
1113
