47515
28718
24942
22093
20434
19182
18302
17631
17236
16914
16656
16287
15842
15343
14775
14085
13275
12433
11634
10985
10448
9972
9544
9238
8939
8677
8445
8261
8083
7925
7774
7611
7475
7351
7216
7095
6967
6862
6751
6625
6523
6406
6324
6248
6167
6087
6017
5951
5881
5798
5720
5637
5565
5473
5387
5306
5222
5154
5086
5010
4914
4826
4738
4648
4578
4490
4380
4269
4163
4054
3955
3845
3716
3608
3505
3395
3304
3184
3100
2996
2892
2788
2689
2570
2460
2322
2198
2036
1880
1749
1591
1427
1225
934
762
633
492
338
156
58
