68564
57386
53653
51674
50039
49144
47785
47115
46607
46119
45655
45355
45012
44639
43730
43221
42569
42273
41988
40980
40633
39482
38806
38372
37435
36977
35972
35190
34614
34105
33421
33009
32494
32107
31777
31464
30941
30627
30348
29978
29694
29272
29040
28526
28139
27893
27335
27027
25822
25227
24898
24516
24175
23664
23243
22949
22691
22392
21910
21296
20971
20761
20522
20198
19594
19160
18848
18469
18023
17720
17414
17075
16716
16360
16049
15730
15380
15080
14813
14513
14177
13863
13540
13214
12765
12350
11934
11446
10912
10335
9729
9144
8511
7978
7376
6838
6088
4945
3917
1871
