166306
161737
130396
122771
114728
110101
104338
101965
83750
80959
78433
76662
74174
72700
68542
67410
65862
64696
63463
62594
60937
59400
58260
57082
55868
54934
53898
52869
51613
50700
49119
48177
47382
46477
45394
44338
43252
42571
42078
41547
40896
40098
38927
37739
36619
35860
35240
34621
33879
33086
32094
31203
30284
29697
29104
28463
27656
26388
25179
24797
24490
24248
23925
23561
23201
22931
22653
22342
21809
21022
20657
20440
20253
20053
19815
19450
19088
18727
18431
17875
16827
15336
13756
12572
11796
11222
10832
10157
9772
9529
9338
9047
8689
8248
7743
7086
6573
5674
4383
1532
