42445
35460
33120
31897
30898
30337
29508
29074
28739
28454
28154
27950
27747
27512
27033
26761
26388
26213
26027
25553
25345
24670
24248
23984
23408
23119
22447
21975
21579
21243
20829
20573
20269
20009
19769
19538
19217
19015
18857
18588
18419
18141
17980
17721
17490
17350
16986
16820
16168
15830
15658
15463
15251
14977
14745
14541
14370
14207
13948
13604
13432
13305
13158
12973
12571
12295
12110
11824
11590
11366
11179
10948
10708
10491
10305
10095
9902
9723
9553
9367
9158
8958
8734
8475
8192
7914
7662
7341
6991
6582
6210
5828
5402
5039
4606
4215
3745
2983
2297
1021
