572542
534690
452420
402770
375755
359853
347393
338616
287431
269602
255595
244539
234273
228195
214207
208331
200985
195056
190684
186879
182827
178806
175193
171441
168010
165148
162336
159211
155708
152549
147787
144006
141417
138841
135861
132878
129457
127171
124867
122577
119730
116968
113318
109878
106341
103498
101133
99160
96936
94717
92091
89571
87023
85168
82988
81000
78407
75023
72427
71023
69572
68592
67531
66385
65175
64116
63141
62319
60529
58922
57975
57223
56566
55935
55243
54180
53115
51987
50866
49353
45948
41645
37761
34693
32498
30711
29150
25857
24421
23664
23048
22236
21272
20066
18828
17028
15720
13724
10314
5708
