129308
114038
97501
96061
92518
89900
89191
80271
78441
75958
75549
61118
59407
54847
54077
52543
50416
47614
44126
42591
40189
38050
35882
35583
34370
33895
32862
31895
31651
31245
31037
30621
30150
28773
28122
27810
27308
27027
26531
25370
25256
24800
24603
24481
24324
24203
24009
23274
23204
23134
22681
22342
22105
21899
21738
21497
20429
20080
19821
19435
19094
18726
17998
17742
17213
14678
13840
13479
13225
12934
12664
12411
12225
12005
11643
11217
10885
10688
10323
9895
9664
9439
9215
8930
8683
8462
8232
7961
7676
7377
7072
6779
6508
6187
5802
5366
4604
3330
2931
2325
