82704
72412
60232
58697
55128
52576
52162
45963
44951
43764
43366
37333
35790
33527
32879
31885
30993
29839
28413
27492
26432
25280
24331
24045
23463
23161
22717
22215
22006
21764
21560
21328
21057
20189
19728
19517
19245
19041
18745
18236
18138
17913
17778
17676
17601
17508
17402
17146
17067
16990
16757
16499
16332
16140
16030
15901
15512
15290
15125
14862
14631
14420
14141
13961
13699
13004
12583
12338
12176
12029
11866
11635
11501
11359
11157
10909
10704
10584
10330
10067
9902
9736
9571
9342
9161
8951
8758
8505
8280
8036
7793
7553
7258
6980
6649
6221
5337
3675
3370
2845
