36932
32145
26433
25760
24516
23750
23432
21150
20632
19919
19679
17028
16499
15501
15276
14746
14356
13930
13189
12871
12301
11800
11323
11214
10949
10784
10551
10308
10225
10110
10056
9975
9838
9451
9230
9150
9021
8928
8779
8481
8437
8312
8250
8209
8148
8111
8066
7954
7922
7895
7767
7648
7569
7498
7436
7368
7146
7036
6958
6812
6699
6586
6443
6361
6202
5751
5564
5456
5379
5300
5229
5144
5083
5017
4931
4824
4730
4656
4507
4360
4250
4156
4082
3970
3870
3765
3640
3532
3434
3342
3218
3128
2997
2887
2718
2501
2214
1598
1486
1260
