203791
196061
160157
148580
137915
131784
125393
122692
104114
100361
97010
94387
91190
89240
84677
82992
80976
79453
77957
76748
74821
73087
71593
70146
68770
67629
66575
65401
64104
63043
61389
60046
58983
57850
56605
55396
54109
53319
52672
51971
51155
50133
48794
47449
46139
45043
44230
43420
42527
41530
40369
39392
38276
37510
36707
35941
34816
33312
32048
31558
31149
30829
30421
29988
29496
29127
28715
28324
27570
26658
26148
25871
25622
25324
25003
24511
24070
23626
23175
22454
21023
19152
17238
15785
14810
14138
13644
12872
12356
12030
11750
11368
10904
10277
9589
8619
7907
6682
4946
1981
