153353
149721
119671
113167
105908
101871
96559
94332
76484
74063
71756
70298
68249
67099
63127
62041
60470
59475
58336
57624
55978
54654
53576
52611
51633
50817
49903
48962
47810
46897
45414
44521
43862
43056
42028
40947
39747
39088
38579
38171
37608
36780
35578
34471
33524
32775
32235
31638
30999
30305
29458
28653
27773
27184
26631
26053
25263
24062
22938
22627
22379
22149
21853
21555
21277
21044
20781
20533
19996
19225
18855
18652
18487
18340
18167
17856
17574
17303
17052
16561
15564
14139
12631
11421
10655
10101
9755
9125
8748
8554
8385
8165
7918
7559
7090
6498
6102
5388
4276
1672
