142387
133954
114529
104273
98365
95213
92471
91214
62752
59359
56390
54967
52800
51687
45503
44529
42894
41914
40820
40096
38950
37900
36982
36026
35251
34559
33769
33001
32066
31374
29983
28935
28208
27590
26865
26312
25797
25414
24892
24328
23693
23083
22377
21613
20646
19808
19170
18610
18076
17525
16881
16375
15713
15268
14687
14233
13716
13063
12351
11933
11493
11260
10972
10598
10156
9739
9389
9218
8949
8642
8428
8286
8186
8094
7957
7746
7558
7310
7177
6935
6584
6017
5513
5066
4821
4667
4571
4412
4294
4206
4084
3931
3750
3454
3091
2652
2274
1809
1235
336
