209664
174999
162584
156604
152176
149536
145422
143662
142274
140780
139294
138302
137212
135959
133214
131628
129617
128799
127911
125174
124058
120587
118622
117250
114393
112894
109763
107030
105151
103437
101323
99921
98210
96993
96027
94965
93307
92340
91637
90469
89609
88291
87588
86085
84966
84266
82533
81618
77906
76239
75254
73931
72852
71132
69995
69116
68241
67219
65465
63799
62916
62287
61553
60592
58933
57795
57029
55925
54761
53812
53001
52115
51033
50063
49269
48380
47459
46725
45964
45156
44189
43396
42410
41391
40049
38853
37665
36299
34818
33031
31292
29478
27560
25582
23369
21700
19470
15818
12774
5452
