106379
90312
84857
81968
79677
78442
75791
74903
74271
73605
72933
72527
72024
71524
69758
68980
67974
67552
67147
65044
64417
62439
61226
60513
58929
58120
56572
55258
54389
53595
52516
51882
51093
50535
50093
49535
48554
48042
47675
47056
46610
45885
45558
44570
43937
43663
42570
42121
39812
38908
38438
37812
37302
36233
35598
35151
34734
34309
33305
32222
31670
31332
30901
30391
29378
28638
28132
27459
26741
26197
25726
25222
24626
24089
23684
23212
22785
22324
21897
21423
20854
20420
19849
19306
18543
17891
17220
16471
15711
14774
13848
12988
12014
11164
10274
9343
8173
6399
4931
2246
