148592
142412
107323
102130
100212
46887
44198
36792
34918
29730
27815
26459
25845
25198
24330
24010
23614
23217
22889
22680
22445
22169
21926
21603
21351
21027
20745
20451
20144
19846
19414
19075
18847
18635
18339
18157
17928
17750
17557
17332
17106
16850
16624
16411
16144
15984
15665
15442
15291
15066
14880
14639
14363
14119
13937
13750
13560
13347
13150
12983
12785
12571
12267
11958
11714
11491
11231
11014
10695
10439
10144
9953
9674
9497
9146
8945
8751
8552
8377
8126
7936
7762
7535
7282
7013
6724
6539
6277
5922
5519
4837
4271
3679
3407
3164
2842
2435
1614
957
394
