184878
170559
144706
126683
119232
115525
112421
110073
84103
77793
72982
70040
67267
65584
60221
58804
56577
55130
53708
52509
51131
49448
48189
46907
45771
44651
43426
42237
40993
39867
38076
36705
35761
34952
34056
33334
32685
32057
31263
30388
29336
28430
27440
26494
25230
24269
23247
22522
21791
21065
20189
19495
18756
18194
17399
16848
16184
15473
14614
14037
13366
13041
12605
12040
11425
10939
10437
10219
9890
9528
9268
9019
8851
8727
8556
8278
7934
7568
7345
7088
6685
6099
5577
5199
5002
4844
4729
4588
4442
4298
4112
3915
3663
3347
2907
2466
2003
1453
800
144
