208814
178487
168144
162657
158250
155813
151325
149735
148446
147071
145708
144900
143997
143119
140226
138754
136620
135859
135153
131793
130669
126751
124298
123017
119815
118233
114755
111977
110042
108361
106156
104884
103209
102079
101153
100118
98277
97305
96578
95387
94567
93218
92598
90987
89727
89044
87061
86190
81727
79934
79064
77791
76666
74785
73569
72739
71934
71126
69235
67106
66072
65304
64422
63298
61231
59810
58833
57438
55948
54812
53848
52781
51494
50387
49519
48499
47569
46695
45769
44730
43485
42558
41383
40159
38617
37230
35764
34139
32434
30514
28543
26671
24593
22883
21189
19430
17021
13162
10109
4270
