245102
205634
191306
184048
178802
175718
170869
168894
167078
165253
163551
162378
161121
159877
156759
155019
152568
151527
150539
147319
146224
142021
139556
138157
134665
132932
129115
125723
123436
121427
118865
117211
115201
113865
112790
111597
109548
108417
107548
106151
105124
103443
102632
100816
99452
98635
96543
95615
91012
89218
88136
86590
85289
83170
81935
80976
79923
78739
76560
74442
73435
72679
71761
70646
68744
67534
66723
65422
64041
62958
62051
60943
59744
58634
57627
56563
55590
54712
53822
52821
51709
50778
49788
48646
47103
45743
44220
42489
40685
38558
36508
34497
32312
30083
27696
25856
23248
19038
15157
6562
