70579
61481
58950
57176
55573
54948
53033
52544
52256
51960
51604
51384
51166
51005
49621
49047
48078
47813
47563
46184
45680
43971
42956
42446
41156
40527
39187
38133
37486
36969
36173
35826
35215
34903
34617
34299
33490
33180
33010
32563
32316
31837
31653
30842
30381
30167
29215
28886
26854
26075
25744
25261
24881
24089
23602
23296
23018
22707
21937
20930
20550
20328
20004
19554
18434
17841
17450
16892
16280
15819
15410
14958
14519
14132
13788
13417
13044
12733
12427
12098
11715
11385
11009
10600
10068
9638
9200
8701
8147
7509
6928
6420
5832
5387
4913
4373
3764
2749
2032
801
