361605
335455
280695
246701
231070
221928
214931
210398
168872
157208
148229
142315
136534
133241
123184
120100
115805
112686
110086
108069
105426
102722
100421
97957
95779
93893
91846
89745
87424
85328
82217
79406
77584
75936
74097
72503
70850
69620
68161
66473
64394
62690
60623
58563
56424
54438
52788
51422
49872
48444
46740
45229
43630
42461
40894
39684
38164
36306
34527
33426
32278
31706
30890
29986
28921
27929
27031
26484
25658
24725
24117
23706
23393
23084
22698
22122
21588
20838
20345
19700
18383
16678
15148
13956
13280
12758
12361
11826
11493
11207
10921
10468
9917
9226
8390
7423
6499
5229
3454
1113
