129090
120374
102896
92141
86056
82803
80218
78380
61932
58091
54978
52381
50157
48781
45657
44408
42915
41880
40965
40151
39264
38352
37502
36634
35939
35281
34648
33997
33226
32522
31448
30597
29964
29415
28770
28182
27505
27065
26574
26055
25449
24860
24121
23474
22708
22095
21544
21112
20593
20082
19477
18915
18378
17998
17501
17077
16512
15829
15266
15005
14702
14519
14290
14034
13757
13509
13273
13071
12688
12361
12150
11996
11850
11703
11520
11259
10976
10693
10431
10078
9315
8368
7561
6924
6567
6240
6015
5702
5479
5309
5163
4944
4704
4394
4045
3630
3256
2739
1705
734
