201585
190598
151921
142807
134897
98807
88232
74610
69616
57875
53912
50954
49776
48606
47221
46643
45920
45294
44541
44022
43367
42469
41627
40865
40204
39394
38665
38020
37351
36649
35986
35350
34860
34504
34013
33660
33262
32881
32478
32034
31637
31166
30790
30449
29992
29678
29146
28677
28331
27962
27612
27108
26583
26066
25710
25370
25014
24491
24087
23750
23395
22941
22476
21977
21559
21218
20699
20241
19657
19119
18438
18054
17556
17164
16728
16377
16043
15673
15319
14904
14514
14205
13769
13216
12665
12159
11793
11318
10623
9816
8540
7464
6304
5847
5400
4800
4110
2493
1499
447
