310873
289460
243257
216701
203411
195928
189792
186295
141555
132807
125531
121120
116240
113567
103229
100778
97227
94748
92380
90683
88373
86116
84120
81981
80095
78510
76830
75136
73120
71518
68545
66024
64528
63148
61494
60186
58916
58068
56857
55417
53909
52618
50956
49353
47336
45709
44415
43257
41920
40679
39245
38083
36771
35811
34465
33455
32174
30664
29132
28232
27333
26840
26235
25408
24491
23626
22940
22542
21849
21001
20478
20137
19921
19710
19404
18928
18414
17823
17440
16816
15771
14387
13052
12029
11469
11056
10806
10468
10161
9909
9655
9277
8872
8306
7599
6721
5896
4702
3050
820
