156134
128872
118940
114264
110907
108555
105625
104237
103010
101818
100670
99922
99092
98094
96169
95055
93707
93070
92422
90661
89876
87419
86064
85073
83153
82105
80006
78102
76807
75621
74153
73101
71911
71035
70274
69532
68388
67695
67126
66298
65626
64695
64129
63085
62318
61762
60569
59901
57337
56234
55528
54525
53718
52609
51827
51189
50558
49802
48623
47522
46907
46475
45949
45285
44118
43324
42753
42017
41193
40519
39977
39303
38575
37946
37388
36709
36060
35464
34933
34346
33633
33039
32413
31711
30775
29952
29080
28065
26957
25602
24261
23035
21618
20124
18492
17242
15548
12978
10593
5227
