62246
53094
50383
48587
47130
46422
44661
44137
43760
43419
43059
42847
42623
42381
41061
40538
39806
39533
39249
37952
37511
36230
35530
35039
34092
33555
32590
31794
31196
30681
29971
29617
29159
28846
28546
28211
27503
27191
27000
26599
26364
25973
25780
25179
24766
24567
23883
23603
22349
21723
21409
21078
20755
20257
19748
19415
19187
18939
18489
17788
17475
17276
17041
16717
15868
15329
15027
14566
14132
13800
13513
13181
12852
12571
12285
11996
11701
11466
11245
11001
10720
10442
10174
9887
9504
9142
8813
8438
8037
7545
7056
6586
6033
5616
5144
4644
4066
3185
2474
1190
