127888
123416
101691
95101
88510
85015
80885
79320
64834
62704
60667
59193
57184
55971
52546
51681
50468
49637
48727
47984
46767
45678
44727
43795
42894
42182
41487
40743
39943
39287
38117
37315
36660
35975
35153
34406
33598
33165
32707
32247
31772
31135
30270
29521
28658
28040
27513
26967
26345
25700
24937
24255
23559
23062
22529
22004
21307
20410
19570
19270
19041
18815
18556
18247
17956
17698
17418
17153
16722
16117
15760
15582
15397
15245
15037
14767
14479
14204
13918
13446
12631
11508
10400
9495
8961
8624
8372
8095
7838
7637
7452
7205
6903
6501
6032
5347
4883
4115
2969
853
