142356
137468
110430
106479
104521
40327
37561
30172
28376
24165
22686
21546
21103
20617
19935
19695
19367
19083
18762
18564
18331
18117
17905
17655
17458
17175
16930
16697
16436
16197
15857
15541
15325
15145
14902
14753
14570
14425
14261
14043
13866
13648
13461
13267
13047
12883
12610
12430
12288
12094
11931
11762
11523
11286
11143
10990
10825
10623
10500
10322
10143
9926
9649
9375
9157
8997
8792
8597
8346
8091
7848
7648
7423
7245
7003
6838
6702
6528
6372
6157
6017
5885
5713
5499
5258
5044
4911
4684
4423
4142
3609
3197
2762
2524
2315
2051
1776
1141
661
278
