59139
51318
42250
41119
39288
38109
37708
34764
33977
33024
32698
28549
27630
25960
25460
24585
23953
23204
22155
21549
20653
19858
19096
18899
18435
18180
17842
17403
17213
16905
16778
16616
16386
15732
15378
15090
14851
14689
14470
13997
13918
13696
13601
13504
13427
13362
13256
12999
12926
12866
12637
12452
12320
12167
12062
11945
11569
11377
11239
11074
10897
10745
10499
10387
10170
9545
9221
9048
8916
8788
8652
8509
8411
8310
8167
7935
7756
7652
7403
7155
6995
6867
6743
6571
6428
6243
6086
5892
5704
5544
5390
5207
4994
4796
4528
4232
3571
2371
2206
1891
