92139
89120
74985
70910
66793
64622
62252
61076
44329
42987
41624
40769
39456
38683
35481
34808
33906
33347
32632
32212
31436
30754
30145
29584
29038
28526
27880
27308
26584
26046
25092
24550
24121
23644
23086
22449
21703
21216
20916
20616
20252
19770
19002
18258
17621
17154
16821
16549
16251
15919
15517
15088
14595
14314
14019
13755
13365
12660
11957
11771
11616
11501
11368
11225
11099
10987
10867
10771
10514
10126
9977
9909
9830
9765
9696
9576
9409
9276
9145
8952
8468
7609
6773
6031
5572
5219
4960
4393
4183
4096
4037
3966
3880
3737
3551
3312
3174
2904
2481
1136
