379192
307739
278317
240250
213916
195268
181420
171726
165032
158988
153048
147423
141308
135737
130999
126022
121851
117711
113336
109410
105831
102255
99011
96144
93138
90554
88171
86002
84208
82649
81131
79886
78707
77721
76799
75862
74949
74056
73246
72497
71769
71050
70379
69667
68991
68220
67496
66763
65911
65122
64371
63626
62429
61250
59361
57809
56029
53772
51463
49143
46890
44740
42570
40354
38057
35707
33382
31114
28912
26795
24849
22697
20399
17890
15157
12182
9209
6832
5380
4434
3682
3060
2546
2181
1874
1641
1442
1243
1053
868
707
545
404
245
128
60
14
5
0
0
