205098
169707
147440
132715
124441
116455
109688
100814
96915
91563
88213
85692
83359
81525
79955
77243
74927
72791
70344
68842
67447
66346
64368
63041
60616
58593
56631
54752
53580
52435
51105
50103
49084
48212
47427
46611
45883
45193
44536
43888
43229
42542
41866
41104
40395
39654
39007
38394
37720
37066
36480
35937
35408
34872
34400
33952
33544
33143
32797
32439
32111
31744
31332
30891
30371
29717
28921
27932
27005
26123
25230
24360
23337
21982
20497
18979
17465
15955
14556
13302
11956
10434
8940
7824
6969
6245
5591
5058
4496
3960
3546
3048
2558
1959
1340
760
163
29
3
0
