667001
544264
493134
431474
389198
362084
339071
322554
310262
298053
285385
271950
257696
244194
233570
223222
215045
207126
199561
192427
186167
180172
174433
169554
164700
160809
157111
153537
150608
148146
145680
143695
141941
140336
138954
137575
136210
134962
133849
132761
131667
130567
129442
128277
127097
125957
124897
123734
122399
121102
119696
118223
115373
112271
107479
103402
98581
92822
87058
81850
77191
72801
68691
64485
60337
56138
52011
48044
44407
40900
37713
34334
30828
27135
23102
18781
14331
10590
8221
6768
5750
4935
4327
3822
3364
2961
2587
2249
1899
1542
1224
964
717
490
296
125
21
6
1
0
