545130
443338
401253
347032
309773
284306
265067
251466
241823
232915
223757
214832
205600
196883
189444
181812
175559
169395
162961
157032
151995
147017
142238
138187
134127
130659
127431
124278
121801
119604
117570
115760
114156
112789
111472
110235
109011
107890
106855
105880
104943
103990
103020
101980
101019
99979
98887
97789
96744
95723
94664
93558
91847
90043
87124
84519
81276
77441
73478
69593
66033
62775
59613
56118
52707
49045
45590
42463
39346
36250
33451
30472
27338
24014
20319
16336
12148
8788
6707
5441
4547
3807
3227
2788
2404
2135
1865
1616
1377
1124
908
709
505
350
216
105
20
4
1
0
