304921
247142
222796
192990
173426
158013
145883
137835
132859
128264
123989
120344
116478
113002
109764
105614
102044
98505
94727
91338
88527
85737
82924
80506
77969
75748
73639
71574
69953
68423
66945
65701
64519
63523
62489
61558
60681
59866
59134
58413
57724
56963
56275
55592
54952
54271
53625
52948
52269
51559
50922
50270
49582
48897
47964
47054
46105
44941
43655
42276
40897
39475
37947
36267
34472
32583
30523
28602
26701
24851
23114
21413
19523
17384
14901
12302
9606
7251
5744
4758
3925
3217
2694
2274
1955
1705
1465
1274
1085
903
752
607
436
295
170
83
18
2
0
0
