551845
448997
406502
352998
316214
289388
268637
254256
244753
236161
227805
220130
211926
204454
197840
190700
184604
178814
172304
166730
161553
156677
151506
147329
142656
138690
134972
131235
128412
125809
123359
121436
119601
117969
116466
114985
113636
112302
111110
109891
108809
107686
106514
105371
104289
103149
101966
100741
99444
98222
97105
95998
94729
93382
91589
89833
87781
85265
82511
79476
76335
73275
70221
66923
63532
60041
56481
52950
49408
46123
42971
39756
36113
32268
27763
22821
17683
13442
10598
8805
7415
6231
5297
4562
3991
3544
3099
2712
2303
1943
1639
1299
984
657
379
165
34
5
0
0
