39212
32626
28106
25199
23843
22412
21426
19829
19177
18257
17738
17354
16966
16714
16465
15645
14955
14392
13731
13428
13174
12983
12570
12290
11756
11266
10901
10548
10339
10123
9879
9664
9411
9254
9093
8901
8726
8574
8446
8259
8101
7934
7768
7558
7385
7209
7055
6915
6776
6643
6502
6374
6256
6137
6057
5988
5889
5804
5729
5660
5612
5548
5491
5425
5352
5255
5102
4969
4798
4622
4460
4296
4110
3861
3603
3318
3075
2820
2605
2406
2186
1933
1665
1418
1227
1083
958
840
752
667
604
519
447
355
245
135
35
11
1
0
