222370
183505
159899
144201
135321
126281
118168
108905
104385
98770
95121
92358
89633
87481
85671
82800
80427
78114
75599
73950
72364
71028
69035
67554
64986
62931
60919
58968
57627
56437
55124
54061
52981
52091
51225
50382
49609
48896
48255
47529
46881
46156
45483
44707
44000
43253
42584
41973
41328
40665
39972
39396
38793
38212
37700
37201
36738
36295
35877
35489
35087
34673
34252
33769
33245
32556
31636
30633
29583
28507
27492
26446
25253
23820
22192
20476
18808
17080
15481
13918
12338
10701
9210
8059
7186
6438
5816
5202
4690
4169
3710
3197
2666
2050
1424
786
207
53
6
0
