527843
431691
390444
339986
306242
284399
266410
253606
244025
234682
224542
213863
202873
192402
184203
176337
169878
163497
157343
151688
146734
141956
137542
133711
129911
126858
124021
121278
118989
117043
115162
113634
112271
111079
109968
108915
107866
106822
105853
104960
104089
103228
102389
101503
100623
99709
98805
97858
96811
95791
94647
93475
91041
88674
84729
81619
77975
73233
68807
64633
60920
57528
54350
51042
47768
44464
41214
38097
35213
32413
29733
27083
24333
21425
18144
14650
11064
8252
6441
5343
4562
3973
3477
3102
2755
2409
2143
1860
1543
1301
1012
773
564
392
245
101
24
3
0
0
