326920
265081
239477
205417
183063
166410
154547
146400
140992
136144
131393
127070
122655
118621
114985
110686
106872
103304
99325
95808
92710
89793
86760
84264
81583
79335
77251
75125
73586
72084
70656
69376
68295
67323
66399
65472
64560
63757
62989
62298
61601
60907
60222
59580
58881
58251
57567
56829
56072
55398
54683
54004
53226
52468
51478
50484
49362
47836
46296
44568
42810
41067
39346
37416
35386
33248
31163
29203
27262
25331
23529
21519
19388
17059
14460
11543
8623
6245
4726
3877
3217
2678
2191
1884
1639
1432
1247
1094
922
778
655
521
384
279
189
94
25
4
1
0
