212461
176021
153173
137587
129020
120693
113299
104062
99850
94497
90995
88315
85714
83729
81953
79318
77028
74872
72427
70850
69336
68068
66107
64675
62102
60098
58150
56196
54977
53818
52467
51452
50379
49562
48741
47953
47196
46515
45865
45198
44543
43866
43182
42376
41638
40920
40259
39685
39068
38513
37841
37297
36755
36239
35719
35267
34822
34383
33955
33559
33157
32707
32230
31715
31150
30443
29601
28634
27602
26702
25781
24788
23682
22301
20706
19118
17578
16059
14675
13294
11925
10501
9014
7840
7061
6316
5702
5091
4567
4051
3575
3046
2528
1956
1332
690
143
38
3
0
