157937
130396
113528
102296
96284
90511
85284
78457
75271
71050
68333
66457
64522
63157
62029
59721
57845
56169
54140
52956
51827
50926
49446
48346
46382
44705
43184
41595
40672
39797
38759
37976
37103
36431
35712
35028
34467
33902
33397
32821
32308
31676
31117
30461
29901
29351
28883
28423
27965
27514
27006
26604
26135
25753
25369
24988
24654
24306
23981
23717
23431
23158
22841
22505
22176
21747
21166
20467
19772
19089
18426
17785
16989
15942
14840
13708
12653
11575
10575
9539
8412
7137
5977
5117
4511
3986
3530
3139
2783
2450
2137
1841
1529
1152
785
427
91
15
0
0
