258434
208589
187073
159184
141775
128241
118879
112745
108760
105291
101975
98777
95412
92537
89900
86553
83698
80919
77713
74876
72486
70156
67771
65836
63736
61984
60322
58780
57508
56382
55303
54316
53420
52610
51840
51058
50374
49694
49093
48516
47987
47430
46866
46301
45792
45203
44643
44047
43473
42903
42376
41932
41386
40854
40166
39405
38400
37197
35883
34485
33111
31738
30305
28797
27318
25713
24087
22555
20914
19403
17903
16339
14695
12829
10731
8528
6202
4351
3219
2573
2109
1699
1377
1158
968
820
709
593
490
415
340
250
175
104
61
17
7
3
0
0
