718895
585357
530257
461948
415637
381214
352671
332275
319463
307267
295840
285167
274106
263572
254636
245004
237058
229267
220728
213324
206625
200038
193372
187786
181634
176658
171951
167371
163777
160483
157317
154746
152310
150173
148168
146248
144475
142809
141272
139755
138313
136861
135410
133879
132424
130995
129563
127998
126542
124997
123453
121935
119848
117781
114626
112037
109047
105542
101695
97944
94145
90424
86621
82575
78280
73830
69355
64979
60688
56476
52538
48558
44140
39293
33888
27979
21896
16827
13648
11380
9639
8134
6950
6004
5234
4578
4028
3530
3062
2520
2111
1702
1282
870
515
230
48
11
1
0
