135663
111218
95899
85689
79933
74287
69419
64040
61569
58636
56822
55413
54035
52913
51976
49791
48072
46344
44440
43278
42181
41314
40083
39223
37855
36667
35598
34546
33844
33162
32418
31756
31052
30490
29977
29373
28887
28329
27859
27385
26944
26377
25918
25378
24900
24443
24047
23628
23234
22819
22407
22075
21734
21435
21145
20914
20658
20412
20148
19901
19629
19338
19059
18674
18313
17817
17209
16556
15877
15262
14666
14076
13371
12514
11535
10549
9497
8401
7495
6675
5825
4904
4068
3456
3052
2678
2378
2100
1834
1602
1422
1193
952
713
481
253
43
12
2
0
