377901
307942
279683
243134
218287
201563
188399
179378
172937
166758
160459
154058
147250
140487
134843
129212
124491
119929
115271
111123
107384
103833
100438
97548
94567
92123
89895
87627
85792
84185
82718
81426
80319
79291
78374
77459
76570
75768
74980
74257
73583
72816
72046
71337
70637
69921
69210
68482
67716
66968
66213
65520
64284
63048
60925
59162
56985
54353
51645
49046
46544
44106
41797
39394
36988
34547
32127
29834
27657
25592
23619
21599
19521
17190
14691
12009
9241
6926
5409
4362
3701
3116
2636
2290
2008
1735
1534
1343
1134
942
767
602
444
292
165
77
14
2
0
0
