434341
349028
312985
265734
234120
209167
193731
183453
176968
171526
166544
162011
157149
152670
148429
142506
137244
132367
126976
122526
118482
114802
111216
108323
105368
102743
100405
98098
96168
94408
92619
90979
89445
88103
86786
85517
84257
83131
82095
81093
80123
79186
78182
77184
76174
75237
74313
73385
72393
71358
70517
69749
68851
67971
66864
65728
64445
62871
61167
59372
57393
55420
53178
50785
48104
45204
42204
39454
36663
34023
31567
29016
26058
22858
19140
14975
10907
7568
5505
4356
3571
2823
2286
1878
1567
1317
1126
950
812
679
550
447
314
203
100
46
13
3
0
0
