573404
469269
425535
371268
334446
307712
285965
271029
260802
251050
241541
232307
222625
213643
205807
198049
191525
185356
178661
172671
167334
161934
156779
152203
147292
143262
139559
135807
133022
130504
128040
125949
124197
122606
121061
119630
118221
116879
115723
114560
113461
112302
111242
110096
108927
107835
106666
105518
104281
103044
101889
100747
99256
97707
95314
93086
90360
87058
83679
80331
76977
73706
70417
66791
63068
59251
55495
51881
48293
44958
41727
38317
34659
30714
26392
21676
16715
12585
9975
8206
6909
5819
4952
4345
3817
3364
2945
2545
2193
1841
1527
1217
889
603
360
147
30
2
0
0
