575954
471206
426952
371908
334122
309176
288695
274207
263279
252878
242198
231067
219889
209287
200778
192319
185584
178858
172281
166123
160979
155875
150994
146845
142535
139025
135756
132579
130115
127883
125717
123941
122294
120814
119462
118160
116976
115839
114758
113693
112698
111697
110726
109688
108679
107656
106669
105617
104466
103314
102094
100754
98245
95645
91469
88226
84397
79742
75186
71092
67485
64090
60845
57511
54130
50783
47434
44135
41008
37876
34995
31976
28692
25425
21760
17786
13648
10231
8025
6553
5534
4821
4246
3743
3316
2944
2605
2272
1970
1630
1343
1063
793
534
338
153
33
8
0
0
