177996
147066
128711
116137
109293
102667
96830
88918
85364
80350
77311
75123
72878
71286
69898
67460
65463
63650
61532
60160
58864
57827
56102
54878
52692
50906
49168
47395
46284
45225
44018
43060
42086
41356
40614
39945
39302
38636
38083
37436
36872
36257
35639
34940
34346
33751
33232
32692
32176
31658
31121
30608
30152
29702
29311
28926
28531
28204
27907
27605
27253
26928
26566
26144
25664
25093
24337
23529
22743
21975
21273
20484
19510
18370
17057
15789
14505
13257
12052
10960
9772
8496
7241
6299
5570
4972
4426
3963
3527
3142
2763
2389
2013
1512
1016
543
115
22
0
0
