387195
313845
283465
243584
216652
196699
182763
173201
166837
161179
155588
150458
145069
139961
135451
130484
126147
121818
117186
112917
109218
105631
102059
99150
96056
93469
91024
88625
86768
85088
83463
82104
80888
79768
78732
77643
76684
75743
74900
74168
73397
72649
71842
71007
70229
69434
68658
67854
67057
66253
65466
64718
63844
62852
61486
60114
58599
56746
54675
52567
50352
48174
46028
43725
41489
39019
36559
34122
31745
29397
27268
24901
22337
19562
16543
13128
9792
6990
5359
4352
3656
3040
2552
2213
1925
1684
1467
1269
1105
939
791
629
444
308
177
89
20
6
0
0
