429216
349349
316128
273204
244930
225543
210578
200057
192795
186260
179504
172867
165817
159101
153246
146888
141536
136465
131029
126281
122201
118120
114294
111086
107800
104975
102372
99762
97760
95957
94141
92652
91297
90127
89055
87953
86887
85906
84997
84141
83298
82538
81711
80852
80060
79205
78350
77481
76529
75585
74661
73725
72366
71019
68943
67217
65246
62912
60275
57499
54898
52353
49686
47013
44228
41309
38528
35925
33343
30768
28384
25873
23294
20408
17356
14032
10655
7875
6054
4961
4178
3498
2958
2577
2227
1938
1714
1494
1250
1042
831
656
478
297
186
89
12
1
0
0
