338942
275158
247881
213700
189634
173517
161886
153747
148140
142975
137950
132890
127657
122893
118502
113778
109779
105969
101828
98205
94951
91938
88838
86332
83752
81545
79479
77554
75950
74540
73173
72048
71027
70116
69242
68372
67614
66821
66151
65492
64888
64230
63542
62832
62159
61524
60863
60237
59535
58856
58158
57501
56555
55566
53897
52404
50666
48566
46334
44231
42152
40157
38170
36002
33859
31572
29349
27275
25308
23384
21687
19715
17609
15381
12914
10273
7686
5590
4281
3558
3006
2500
2126
1810
1566
1384
1195
1038
874
743
628
505
389
245
140
64
13
4
0
0
