367399
299123
271251
235628
210974
194284
181308
172584
166348
160604
154739
148996
142913
136971
131803
126508
121985
117740
113275
109154
105613
102145
98725
95915
92956
90528
88135
85899
84082
82470
80987
79720
78591
77639
76762
75845
75052
74283
73596
72853
72189
71512
70816
70121
69414
68731
68044
67314
66531
65769
65038
64304
63291
62214
60598
59099
57410
55312
53076
50788
48584
46341
44051
41583
39046
36513
33960
31440
29123
26950
24764
22530
20125
17537
14750
11914
9070
6714
5180
4261
3597
2992
2545
2185
1900
1668
1461
1245
1062
879
724
574
420
305
190
91
23
4
0
0
