559062
456121
413593
359437
322840
297033
276118
261749
251780
242695
233635
224801
215587
207069
199865
192059
185633
179460
173110
167125
161777
156689
151534
147079
142536
138714
135104
131494
128694
126154
123765
121864
120084
118557
117127
115661
114409
113143
111963
110861
109779
108703
107689
106593
105542
104406
103265
102145
100920
99754
98618
97534
95984
94328
91694
89320
86547
83160
79620
76079
72467
69097
65721
62224
58704
54935
51371
47870
44476
41310
38269
34988
31390
27672
23592
19200
14749
11027
8624
7054
5948
5019
4335
3734
3287
2843
2477
2154
1837
1540
1256
988
722
500
301
136
19
5
0
0
