394584
321359
291999
256043
231159
214065
199561
189036
182013
175466
168820
162029
154940
147743
141818
136053
131233
126689
121978
117766
113831
110052
106516
103474
100283
97445
94844
92366
90489
88794
87168
85830
84617
83546
82488
81540
80568
79725
78920
78130
77426
76696
75949
75250
74480
73737
73021
72268
71358
70510
69658
68789
67336
65858
63467
61576
59306
56637
53872
51266
48843
46574
44289
41877
39540
37076
34697
32369
30176
28116
26126
24150
22051
19759
17108
14231
11128
8472
6748
5609
4747
4082
3533
3082
2737
2465
2174
1899
1631
1353
1115
884
660
461
280
122
37
12
2
0
