64690
45279
41246
26734
22958
21886
21372
20509
19957
19404
18858
18508
18258
18109
17977
17879
17603
17439
17329
16731
16179
15662
15205
14611
14008
13552
13267
13065
12787
12497
12180
11906
11722
11535
11367
11261
11165
11102
11038
10976
10895
10822
10748
10692
10602
10494
10374
10298
10218
10149
10103
10045
9989
9924
9869
9807
9703
9597
9504
9426
9309
9143
8982
8807
8576
8318
8080
7814
7440
7184
6962
6749
6546
6343
6167
6001
5768
5495
5281
5119
4940
4713
4479
4273
4082
3846
3541
3262
3069
2798
2534
2334
2076
1892
1554
1355
996
747
526
178
