119035
88028
81283
63069
56489
54395
53038
51059
49845
48250
46882
46134
45590
45243
44966
44695
44045
43761
43532
42088
41133
39960
38855
37602
36138
35314
34761
34284
33660
32748
31927
31258
30770
30326
29920
29642
29372
29171
29015
28866
28671
28475
28268
28075
27849
27547
27342
27172
27019
26884
26763
26620
26478
26307
26171
26009
25762
25505
25292
25144
24829
24405
24047
23579
22989
22201
21512
20790
19836
19109
18591
18054
17509
17026
16586
16155
15555
14992
14524
14203
13770
13307
12812
12353
11902
11222
10548
9910
9380
8745
8046
7417
6577
5920
4920
4348
3272
2561
1787
688
