65803
43627
38684
29759
26184
24739
24140
23145
22452
21686
21068
20620
20287
20028
19856
19710
19375
19164
18992
18512
18037
17564
17128
16610
16041
15585
15309
15038
14746
14439
14097
13776
13563
13338
13120
12990
12845
12754
12661
12557
12436
12322
12201
12120
12010
11891
11769
11666
11553
11465
11397
11332
11274
11218
11146
11066
10965
10858
10774
10696
10584
10452
10334
10199
10004
9784
9562
9297
8991
8736
8515
8318
8109
7917
7717
7540
7291
7000
6795
6614
6429
6197
5945
5719
5483
5155
4819
4504
4245
3956
3636
3272
2903
2577
2094
1810
1222
836
600
208
