96044
64569
56348
38639
32767
30826
29958
28576
27516
26543
25731
25039
24606
24240
23912
23707
23333
23017
22823
22175
21503
20810
20286
19569
18891
18350
17979
17698
17335
17020
16731
16425
16196
15943
15718
15542
15388
15259
15145
15030
14889
14776
14664
14564
14419
14250
14096
13982
13875
13797
13723
13645
13577
13484
13379
13262
13109
12950
12817
12672
12474
12254
12057
11836
11500
11156
10828
10416
9965
9590
9295
9083
8820
8587
8368
8147
7795
7395
7074
6836
6563
6207
5876
5568
5240
4880
4491
4119
3776
3394
3099
2648
2348
2026
1659
1357
874
495
336
89
