63920
43802
39568
25795
22126
21004
20469
19572
18984
18413
17870
17490
17206
17063
16941
16835
16574
16410
16296
15834
15380
14934
14510
13942
13408
12991
12726
12484
12228
11936
11623
11329
11112
10912
10696
10569
10473
10395
10325
10261
10171
10072
9982
9914
9824
9717
9624
9531
9459
9394
9341
9275
9219
9170
9109
9045
8964
8863
8797
8714
8600
8479
8369
8239
8063
7883
7683
7472
7163
6928
6730
6540
6323
6142
5998
5855
5607
5381
5183
5036
4864
4680
4428
4224
4044
3779
3511
3306
3121
2879
2626
2477
2209
2001
1617
1445
1097
851
628
202
