151986
113032
105755
84622
76620
74023
72342
70180
68190
65212
63231
62211
61460
60886
60447
60011
59218
58808
58449
56827
55729
54435
53051
51669
49768
48692
48023
47294
46373
44952
43491
42472
41671
41007
40430
39984
39631
39304
39045
38797
38512
38245
37911
37627
37357
37021
36774
36576
36320
36128
35949
35757
35590
35403
35246
35057
34797
34501
34243
34029
33697
33252
32864
32402
31775
31067
30380
29677
28692
27855
27229
26583
25848
25181
24611
24003
23337
22656
22102
21663
21191
20620
20001
19421
18783
17985
17167
16407
15724
14945
13967
13027
11650
10681
8819
7905
5986
4870
3508
1737
