155306
113285
104647
84414
76200
73357
71763
69461
67563
64852
62803
61802
60988
60405
59943
59528
58717
58310
57931
56378
55230
53913
52512
51098
49346
48338
47641
46944
46051
44589
43099
42021
41241
40587
40029
39554
39170
38884
38651
38416
38158
37859
37546
37279
36968
36631
36386
36152
35922
35728
35517
35330
35150
34931
34744
34537
34245
33969
33680
33475
33113
32600
32201
31776
31164
30480
29793
29071
28127
27289
26661
26035
25390
24790
24255
23714
23044
22351
21797
21333
20793
20288
19635
19040
18412
17537
16700
15961
15272
14447
13536
12589
11283
10253
8477
7471
5535
4328
3102
1377
