70215
45444
39666
28496
24525
23195
22556
21554
20848
20241
19670
19203
18868
18649
18471
18322
18033
17834
17705
17162
16663
16125
15716
15178
14621
14212
13916
13683
13377
13144
12845
12597
12391
12207
12017
11894
11779
11667
11580
11483
11353
11240
11116
11040
10915
10822
10732
10642
10553
10491
10431
10359
10308
10236
10170
10096
10013
9903
9810
9732
9614
9459
9316
9154
8969
8750
8549
8302
7982
7686
7480
7254
7047
6859
6697
6521
6294
6018
5814
5612
5428
5184
4940
4730
4494
4204
3895
3604
3367
3092
2810
2520
2230
1981
1640
1413
1021
708
521
176
