69182
45549
39063
28611
24285
22943
22321
21233
20528
19861
19262
18741
18418
18184
17973
17814
17569
17372
17232
16783
16327
15841
15473
14988
14470
14091
13813
13572
13304
13022
12738
12506
12291
12093
11917
11782
11649
11548
11457
11354
11216
11086
10972
10883
10787
10682
10590
10533
10447
10373
10311
10238
10181
10109
10062
9998
9905
9782
9686
9590
9492
9369
9238
9114
8965
8789
8607
8370
8076
7865
7706
7534
7332
7160
6990
6821
6582
6320
6119
5969
5770
5526
5267
5052
4825
4520
4227
3950
3698
3433
3189
2897
2617
2347
1897
1666
1230
893
633
235
