98288
70415
64943
51703
46532
44801
43746
42245
41254
39901
38749
38169
37718
37419
37195
36952
36381
36121
35907
34802
34027
33026
32117
31157
30046
29412
28949
28497
27992
27312
26638
26081
25702
25372
25076
24857
24620
24458
24326
24177
23997
23821
23634
23470
23290
23037
22868
22747
22584
22453
22344
22215
22083
21946
21823
21683
21447
21241
21049
20893
20643
20298
20040
19670
19148
18552
17996
17367
16617
16047
15609
15190
14764
14346
13978
13624
13176
12695
12314
12011
11674
11275
10833
10426
9966
9432
8932
8417
8016
7490
6970
6440
5747
5186
4298
3725
2736
2130
1487
633
