61747
51411
48949
26407
23524
22842
22265
21392
20979
20429
19921
19628
19459
19328
19226
19128
18811
18730
18656
17898
17424
16784
16249
15673
15007
14645
14423
14200
13977
13654
13309
13067
12908
12782
12654
12573
12463
12396
12353
12297
12233
12157
12083
11995
11889
11765
11659
11598
11531
11472
11404
11336
11276
11190
11122
11031
10908
10784
10676
10599
10440
10186
9972
9740
9375
8938
8551
8199
7747
7380
7149
6905
6665
6461
6291
6065
5836
5601
5377
5212
4998
4800
4593
4413
4204
3954
3681
3451
3252
3023
2787
2577
2281
2037
1677
1467
1097
900
627
282
