121835
87165
77843
52500
44292
41891
40718
38806
37605
36470
35389
34510
33955
33568
33170
32917
32338
32002
31761
30787
29810
28847
28039
27004
26111
25316
24840
24436
23985
23575
23120
22687
22350
22052
21795
21617
21399
21242
21106
20967
20799
20636
20442
20275
20072
19853
19628
19484
19324
19169
19078
18959
18857
18690
18543
18387
18168
17913
17712
17544
17279
16928
16631
16282
15890
15402
14885
14340
13686
13145
12736
12365
11972
11622
11295
10983
10504
9976
9525
9169
8823
8380
7917
7525
7145
6651
6095
5589
5191
4741
4313
3847
3392
2953
2379
1991
1377
887
589
169
