164768
119433
110236
88292
79724
76808
75081
72474
70625
67991
66033
64992
64188
63635
63207
62795
61913
61477
61123
59450
58159
56627
55105
53530
51504
50267
49525
48811
47888
46582
45197
44218
43469
42790
42235
41846
41482
41195
40932
40683
40406
40158
39845
39591
39303
38957
38686
38472
38235
38046
37883
37683
37494
37243
37053
36840
36534
36179
35866
35612
35219
34624
34141
33626
32844
31983
31177
30308
29170
28226
27537
26815
26076
25422
24817
24219
23459
22748
22088
21577
21034
20406
19656
18962
18236
17338
16427
15573
14857
13976
12952
12047
10728
9760
8067
7066
5226
4167
3028
1303
