293112
257813
239540
221921
209875
202761
197324
192308
186109
175611
162524
152547
138011
125019
117753
112459
108750
105822
103186
100769
98141
95357
92069
87722
83389
81056
78220
75803
73152
71641
70297
68979
67641
66616
65562
64434
62929
61484
59745
58246
56082
54479
53450
52322
51286
50205
49119
47990
46600
45212
43365
40721
39370
38167
37332
36506
35659
34777
33917
32989
31995
30766
29105
27829
26584
25531
24289
23088
22019
20972
19927
19123
18267
17502
16654
15922
15156
14336
13453
12518
11387
10170
8924
7721
6614
5713
4905
4194
3575
3013
2530
2065
1658
1336
987
700
479
296
179
54
