161374
151124
143739
133537
125317
121758
119419
117040
113893
106979
97482
91198
80607
72471
68713
65982
64139
62837
61751
60652
59470
58149
56300
54044
51305
49931
48172
46776
45024
44211
43302
42511
41743
41206
40620
40045
39136
38245
37072
36075
34531
33399
32696
32041
31485
30865
30100
29558
28874
28260
27110
25867
25269
24572
24289
23972
23660
23325
22969
22569
22086
21505
20579
19946
19309
18724
18000
17261
16578
15934
15231
14706
14172
13651
13092
12618
12205
11833
11411
10976
10399
9744
8952
8119
7215
6439
5676
4971
4419
3920
3512
3079
2651
2241
1842
1523
1248
915
616
240
