287179
255710
237939
220045
207290
199714
194048
188877
182279
170949
157601
147908
134372
122387
115683
110709
107158
104531
102054
99853
97468
94990
91981
88299
84082
81888
79284
76914
74243
72750
71387
70113
68826
67845
66874
65718
64293
62910
61213
59652
57659
56156
55217
54241
53319
52369
51392
50410
49278
48106
46574
44397
43199
42181
41457
40724
39966
39243
38532
37803
36936
35897
34564
33422
32311
31286
30081
28827
27788
26751
25712
24907
24033
23229
22345
21587
20761
19939
19080
18116
17019
15853
14517
13222
12031
10868
9862
8952
8123
7395
6671
6003
5329
4730
4079
3449
2820
2195
1666
1016
