122479
105549
95935
88837
83434
79687
76846
74450
71434
66958
62470
59406
55804
52547
50254
48502
47034
45782
44659
43624
42583
41565
40396
39073
37777
36855
35825
34928
34051
33421
32837
32302
31754
31221
30749
30219
29689
29123
28505
27890
27305
26774
26344
25929
25523
25092
24663
24257
23807
23388
22892
22305
21887
21501
21184
20837
20475
20146
19797
19421
19066
18654
18240
17855
17437
16993
16501
16003
15519
15100
14663
14282
13871
13441
13016
12582
12150
11691
11222
10720
10111
9511
8868
8140
7518
6938
6347
5757
5183
4665
4216
3721
3218
2799
2350
1896
1466
1077
737
386
