173355
162082
154693
143447
134316
130399
127985
125728
122826
116858
108261
102006
89570
79768
75647
72510
70498
69238
68145
67010
65797
64456
62385
59601
56413
54827
52900
51144
49114
48219
47290
46456
45511
44983
44401
43781
42648
41612
40156
38832
36897
35598
34921
34192
33631
32954
32137
31420
30637
29886
28429
26537
25661
24856
24519
24183
23877
23520
23151
22738
22263
21600
20470
19696
18922
18229
17313
16347
15638
14928
14144
13604
13068
12495
11864
11394
10942
10586
10144
9698
9099
8404
7559
6748
5958
5259
4624
4068
3589
3172
2843
2485
2125
1786
1441
1156
911
624
384
135
