176536
155646
144942
134341
127019
122986
119787
116938
113347
106946
99004
92715
83221
74748
70126
67001
64726
63063
61527
60122
58557
56838
54906
52425
49588
48152
46377
44920
43277
42395
41604
40849
40001
39388
38766
38189
37331
36456
35473
34550
33234
32181
31519
30878
30255
29623
28902
28197
27390
26474
25325
23531
22700
21946
21451
21016
20546
20051
19511
18976
18367
17637
16638
15887
15159
14496
13725
13016
12341
11735
11132
10653
10189
9727
9269
8853
8460
8021
7571
7042
6404
5742
5063
4410
3830
3294
2827
2446
2084
1772
1509
1266
1039
849
651
456
295
180
98
26
