149189
140444
133975
124482
116814
113612
111412
109254
106237
99292
90486
84351
74487
66838
63368
60764
59048
57826
56782
55766
54699
53522
51718
49715
47026
45785
44177
42861
41207
40441
39658
38896
38173
37663
37163
36607
35744
34875
33746
32821
31351
30310
29709
29140
28636
28045
27376
26877
26216
25671
24649
23542
22973
22372
22090
21844
21578
21285
20951
20625
20226
19710
18892
18327
17732
17201
16554
15831
15279
14725
14023
13531
13052
12510
12012
11609
11203
10833
10430
10030
9543
8954
8211
7487
6693
5941
5232
4602
4047
3544
3156
2823
2420
2019
1647
1343
1109
772
512
169
