160997
142169
131316
121217
114138
109491
106244
103174
99281
93136
86398
81414
75311
69523
66000
63383
61462
59969
58592
57357
55999
54642
53039
51063
48694
47451
45910
44538
43027
42233
41461
40740
40011
39377
38732
38064
37276
36432
35468
34584
33557
32736
32172
31627
31137
30573
30002
29486
28867
28230
27447
26373
25736
25163
24747
24307
23833
23412
22976
22535
22028
21451
20710
20044
19443
18823
18146
17407
16771
16181
15523
14952
14420
13915
13456
12988
12571
12113
11572
10963
10363
9652
8899
8139
7433
6734
6106
5530
5023
4579
4175
3805
3362
2951
2568
2173
1762
1348
944
496
