67437
63303
60419
56204
52897
51458
50476
49587
48396
45751
41902
39215
34613
31102
29444
28207
27420
26895
26438
25956
25414
24843
24025
22922
21839
21259
20541
19926
19222
18810
18466
18132
17793
17547
17324
17055
16693
16262
15722
15235
14654
14225
13929
13637
13368
13081
12781
12495
12173
11887
11354
10756
10444
10157
9997
9848
9716
9575
9383
9220
9030
8758
8322
8017
7717
7439
7093
6746
6461
6161
5845
5588
5376
5142
4910
4722
4543
4355
4180
3984
3743
3448
3090
2759
2419
2133
1840
1581
1362
1170
1021
888
740
601
498
409
335
242
156
54
