162208
143986
134076
124933
118336
114105
110920
108001
104368
97686
89978
84385
77969
72159
68357
65606
63564
61882
60378
58985
57528
55929
54098
51890
49527
48118
46440
44859
43364
42436
41577
40766
40018
39340
38665
38031
37216
36364
35375
34421
33333
32504
31936
31307
30694
30101
29446
28811
28153
27483
26647
25499
24808
24232
23757
23271
22768
22296
21738
21183
20587
19945
19109
18450
17744
17119
16433
15666
14988
14352
13700
13169
12634
12164
11657
11219
10745
10283
9761
9138
8444
7641
6821
5972
5185
4479
3875
3376
2924
2520
2143
1752
1404
1113
832
601
389
248
141
70
