137493
130330
124941
116121
109021
106177
104332
102515
100021
93963
85484
80066
70493
63093
59883
57489
55891
54823
53915
53061
52076
51034
49390
47370
44804
43577
42004
40802
39163
38388
37634
36974
36273
35821
35371
34860
34041
33227
32199
31246
29788
28812
28227
27657
27136
26589
25970
25491
24900
24361
23360
22276
21717
21112
20848
20602
20353
20110
19827
19501
19170
18702
17812
17262
16691
16153
15459
14843
14315
13767
13151
12698
12240
11757
11281
10882
10510
10183
9829
9425
8971
8327
7607
6881
6075
5403
4744
4096
3627
3165
2818
2505
2136
1775
1427
1183
957
696
487
191
