86414
78564
73601
68331
64532
62332
60642
59048
56821
52823
48023
44661
40553
36996
34946
33514
32489
31683
31010
30378
29665
28947
28036
26912
25728
25025
24151
23429
22692
22277
21870
21516
21147
20815
20496
20202
19818
19380
18855
18412
17889
17472
17163
16851
16566
16251
15932
15680
15372
15060
14623
14081
13751
13442
13239
13072
12905
12687
12492
12246
11951
11697
11293
10973
10630
10318
9946
9590
9280
8945
8601
8333
8062
7794
7514
7258
6974
6716
6480
6172
5840
5424
4989
4523
4086
3667
3268
2916
2629
2392
2179
1962
1731
1519
1279
1063
892
670
486
241
