570358
517655
486560
450828
424732
410459
400484
391199
379572
357954
330128
310253
280151
254529
240451
230176
223115
217873
213248
208928
204221
199269
192835
184251
175556
170591
164822
159492
153642
150669
147796
145081
142351
140362
138179
135893
132797
129431
125494
121938
117266
113742
111629
109466
107604
105481
103167
101065
98609
96050
92631
87558
85061
82732
81381
79884
78497
77039
75557
73880
72086
69967
66724
64222
61828
59538
56830
54095
51868
49748
47493
45620
43767
41918
40090
38540
37009
35411
33707
32007
29898
27437
24740
22118
19533
17232
15163
13371
11779
10485
9291
8142
7060
5965
4920
4007
3165
2236
1466
685
