205833
194640
186293
173340
162601
158411
155819
153117
149586
141245
129450
121336
106643
95316
90618
87067
84668
83114
81721
80408
78811
77169
74549
71414
67536
65666
63318
61362
58949
57858
56768
55755
54679
54031
53343
52552
51316
50035
48330
46936
44776
43239
42348
41541
40790
40012
39002
38220
37280
36460
34819
32989
32072
31082
30711
30320
29918
29518
29053
28560
28024
27328
26020
25092
24201
23391
22319
21308
20505
19617
18641
17899
17199
16493
15796
15173
14626
14164
13655
13129
12409
11495
10420
9328
8180
7210
6272
5403
4720
4173
3714
3253
2777
2305
1831
1500
1184
841
586
229
