541993
488909
458831
425570
401101
387775
378268
369398
358396
338268
312719
294139
265804
241452
228301
218243
211416
206421
202005
197916
193293
188427
182271
174247
166002
161211
155912
150900
145368
142577
139906
137417
134717
132715
130695
128573
125616
122524
118813
115563
111251
108059
105994
103872
102027
100058
97812
95727
93334
90912
87507
82732
80336
78044
76629
75220
73868
72531
71016
69402
67716
65658
62543
60063
57812
55700
53033
50459
48329
46333
44280
42669
40992
39338
37665
36227
34742
33245
31641
29957
27917
25570
23131
20728
18381
16189
14253
12508
11089
9784
8700
7657
6640
5720
4776
3889
3098
2339
1664
889
