112327
104807
100280
93051
87338
85141
83714
82423
80834
77178
71437
67231
58899
52097
49113
46955
45532
44662
43925
43204
42363
41414
40000
38094
35701
34671
33343
32188
30757
30189
29607
29041
28438
28103
27744
27353
26623
25875
24950
24207
22900
21978
21485
21016
20637
20216
19710
19258
18648
18111
17034
15722
15189
14609
14378
14130
13900
13679
13429
13179
12884
12381
11575
11006
10469
9993
9428
8800
8373
7935
7451
7133
6783
6450
6091
5842
5601
5362
5124
4854
4510
4082
3581
3095
2612
2219
1839
1545
1275
1082
905
759
622
471
353
258
193
129
80
33
