94732
89123
85095
79057
74367
72469
71156
69952
68188
64133
58396
54442
47534
42320
40056
38379
37236
36471
35909
35297
34599
33818
32685
31296
29543
28736
27724
26836
25814
25321
24788
24350
23879
23601
23317
23008
22416
21868
21177
20570
19635
18974
18645
18274
17928
17535
17113
16771
16359
15996
15253
14504
14100
13698
13500
13333
13141
12957
12758
12521
12278
11949
11393
10951
10594
10236
9813
9417
9073
8683
8260
7969
7687
7400
7082
6830
6556
6342
6100
5833
5547
5144
4676
4201
3720
3311
2897
2547
2236
1966
1758
1562
1348
1155
968
797
653
508
392
173
