110913
103584
98611
91647
86322
83834
82069
80468
78191
73011
66217
61571
54582
49054
46441
44533
43163
42226
41457
40724
39873
38957
37562
36041
34172
33257
32080
31114
29967
29409
28799
28295
27778
27427
27088
26700
26123
25505
24807
24185
23190
22469
22056
21640
21232
20787
20302
19922
19511
19114
18438
17602
17170
16777
16548
16341
16135
15900
15658
15407
15117
14726
14131
13710
13259
12860
12337
11858
11400
10972
10464
10090
9719
9342
8972
8685
8412
8122
7840
7513
7112
6624
6080
5579
5000
4452
3929
3436
3038
2724
2466
2205
1892
1619
1337
1115
895
672
458
189
