156486
146156
138923
129175
121207
117736
115486
113276
110267
103259
94357
88321
78602
70740
67261
64649
62809
61544
60490
59416
58286
57042
55243
53012
50425
49138
47412
45995
44262
43505
42666
41929
41131
40592
40076
39454
38511
37562
36397
35378
33912
32836
32248
31611
31043
30423
29677
29124
28442
27853
26842
25705
25131
24532
24201
23875
23555
23215
22855
22447
22026
21511
20694
20079
19488
18936
18228
17470
16794
16151
15437
14872
14335
13761
13160
12693
12259
11876
11437
10973
10438
9778
8965
8183
7325
6528
5754
5021
4395
3886
3444
3017
2579
2126
1722
1434
1164
811
480
172
