90034
84524
80934
75339
70932
69294
68177
67110
65708
62113
56803
53303
46695
41343
39056
37373
36257
35546
34968
34351
33617
32879
31756
30318
28479
27679
26574
25707
24636
24129
23679
23262
22771
22490
22188
21870
21344
20787
20064
19470
18531
17862
17470
17096
16734
16380
15946
15625
15199
14777
14047
13169
12773
12327
12118
11934
11756
11566
11361
11135
10888
10557
9976
9551
9165
8821
8393
7968
7613
7244
6833
6569
6306
6010
5750
5532
5320
5125
4921
4690
4416
4057
3637
3185
2788
2400
2057
1739
1471
1239
1060
905
759
607
470
369
285
197
118
42
