629714
556012
509140
470864
440816
420077
404898
392546
375720
351452
327466
311419
289437
270243
258493
248714
241207
235414
230107
225183
220039
215062
209273
203054
196521
192184
187414
183372
178912
175905
172993
170251
167434
165133
162861
160651
158023
155448
152642
150026
146639
143950
141958
139959
138056
136161
134230
132474
130562
128815
126400
123603
121832
120114
118735
117331
115999
114576
113165
111734
110139
108460
106417
104649
102838
100970
98980
96892
94887
92764
90590
88601
86534
84510
82280
80167
77992
75755
73302
70630
67684
64537
61097
57637
54439
51128
47617
44155
40728
37531
34505
31623
28444
25585
22591
19317
15795
12536
9459
5845
