468095
410187
374807
346585
325217
310498
299465
290340
278154
260386
241851
229182
212545
198191
189189
182273
176767
172294
168435
164742
160847
157142
152737
147813
142668
139167
135423
132301
128945
126747
124624
122569
120366
118728
117057
115412
113396
111463
109303
107270
104730
102620
101160
99581
98093
96576
94983
93459
91959
90481
88534
86250
84721
83296
82166
81051
79906
78783
77610
76387
75198
73888
72210
70711
69237
67750
66114
64492
62919
61357
59773
58341
56895
55431
53907
52427
50931
49237
47482
45497
43348
41032
38645
36160
33826
31561
29157
26954
24886
22861
20975
19040
16988
15148
13277
11185
8992
6954
5042
3029
