116988
110283
105691
98270
92138
89781
88282
86829
85004
80720
74465
70072
61444
54695
51887
49712
48304
47336
46542
45759
44844
43888
42389
40511
38202
37157
35734
34567
33041
32431
31773
31185
30572
30218
29814
29407
28643
27949
26971
26056
24727
23804
23327
22868
22445
21945
21299
20848
20285
19780
18768
17597
17053
16505
16253
16005
15788
15583
15331
15036
14729
14316
13561
13044
12520
12049
11435
10805
10327
9878
9328
8958
8574
8201
7836
7517
7220
6982
6714
6432
6025
5529
4989
4444
3854
3292
2832
2384
2049
1775
1540
1316
1079
832
605
445
348
216
136
26
