132995
125261
119555
110928
104303
101490
99657
97822
95196
89390
81361
76119
67166
59964
56877
54548
52969
51905
51031
50137
49191
48126
46528
44628
42236
41104
39600
38416
36907
36251
35544
34914
34234
33807
33405
32899
32138
31335
30351
29560
28189
27215
26702
26206
25722
25128
24510
24022
23491
22975
21986
20862
20338
19781
19509
19262
19035
18771
18465
18156
17849
17377
16601
16087
15553
15083
14507
13919
13398
12868
12294
11841
11375
10924
10468
10097
9786
9461
9140
8787
8298
7724
7026
6360
5715
5062
4400
3867
3404
3020
2673
2345
1978
1623
1308
1060
848
556
354
103
