82110
74688
69823
64592
60806
58670
56885
55260
52858
48482
43581
40405
36217
32753
30972
29666
28699
27939
27320
26737
26068
25414
24609
23677
22345
21728
20896
20357
19610
19243
18860
18548
18199
17942
17669
17400
17072
16728
16318
15972
15447
15052
14802
14533
14315
14089
13875
13652
13392
13136
12775
12311
12072
11813
11665
11510
11343
11179
10991
10831
10650
10430
10120
9896
9656
9412
9152
8929
8699
8454
8212
8013
7804
7565
7368
7185
7002
6814
6591
6364
6085
5765
5407
5035
4616
4231
3861
3510
3248
3005
2779
2548
2300
2018
1748
1495
1214
937
736
401
