698336
626063
583517
540628
509638
490321
476178
462743
446635
418967
387033
364067
334902
309041
293048
280946
272276
265626
259632
253899
247874
241737
234367
224768
216033
210180
203724
197268
191159
187422
183960
180535
177390
174615
171796
168753
165179
161364
156964
152877
148412
145032
142586
140087
137795
135439
132756
130239
127639
125041
121586
116630
113892
111380
109529
107752
105860
103998
101985
99903
97750
95149
91679
88874
86210
83481
80234
76900
73995
71204
68419
66082
63736
61409
59043
56971
54871
52756
50409
47837
44928
41679
38048
34420
30809
27509
24547
21952
19847
17899
16019
14256
12542
10970
9331
7751
6291
4586
3242
1672
