504442
440654
401620
371585
348515
332332
320344
310554
297859
278962
259909
246655
229720
214710
205048
197180
191075
186225
181820
177475
173121
168939
164267
158984
153661
149992
146077
142590
139125
136612
134357
132075
129944
127959
126070
124182
122085
119934
117616
115590
113128
111038
109423
107746
106178
104603
103026
101527
99939
98399
96465
94146
92620
91059
89800
88521
87291
86113
84853
83541
82223
80723
78917
77359
75788
74240
72445
70621
68975
67299
65651
64034
62463
60882
59190
57515
55851
54027
52163
50011
47696
45256
42531
39820
37155
34657
32100
29589
27148
24880
22702
20629
18478
16479
14388
12186
9730
7523
5506
3382
