129955
122426
117231
108760
102033
99256
97560
95903
93626
88401
80999
75913
66590
59151
56026
53699
52138
51114
50317
49483
48617
47586
46035
43987
41468
40379
38926
37627
36036
35357
34651
33989
33341
32952
32490
32038
31290
30487
29515
28647
27254
26269
25738
25197
24692
24196
23574
23071
22464
21877
20877
19469
18884
18274
18024
17807
17566
17322
17041
16708
16379
15918
15071
14550
14028
13534
12874
12281
11815
11321
10705
10287
9907
9463
9057
8718
8405
8113
7817
7439
7047
6564
6001
5401
4785
4250
3701
3233
2841
2492
2202
1898
1623
1318
1023
830
662
462
293
112
