557200
492199
452016
418190
391704
374747
362172
351540
337365
315407
292300
276759
255205
236829
225993
217486
210964
206019
201547
197168
192660
188221
182915
176971
170335
166248
161690
157886
153611
150985
148421
145965
143567
141573
139611
137559
135103
132654
129831
127444
124283
121706
119836
117930
116150
114357
112511
110817
108964
107124
104548
101677
99962
98209
96905
95537
94216
92856
91433
89970
88571
86934
84868
83145
81336
79539
77589
75631
73638
71710
69722
67993
66246
64455
62698
60868
58995
57130
55134
52959
50447
47737
44905
41995
39086
36362
33542
30919
28489
26141
23938
21681
19221
17038
14841
12291
9731
7308
5297
3046
