101733
96734
93109
86520
81195
79271
78085
76894
75282
71317
65172
61053
53208
47133
44732
42918
41686
40880
40289
39623
38879
38057
36712
35109
33061
32103
30869
29862
28657
28119
27555
27063
26517
26187
25869
25467
24823
24182
23371
22647
21510
20685
20306
19898
19530
19151
18615
18216
17747
17304
16370
15396
14923
14400
14204
13999
13801
13633
13453
13215
12986
12576
11885
11397
10944
10510
9968
9452
9047
8625
8181
7859
7562
7249
6921
6657
6402
6162
5939
5700
5367
4960
4481
3939
3385
2902
2475
2059
1745
1505
1319
1164
953
777
601
475
372
269
192
60
