398069
349256
319555
296072
277843
265519
256504
248816
238951
223753
207832
196931
182322
169123
161249
154812
149957
146280
142880
139650
136266
132944
128989
124589
120123
117101
113910
111108
108239
106247
104376
102679
100902
99441
98032
96553
94774
93054
91151
89306
87190
85466
84178
82826
81560
80198
78780
77460
76051
74710
72936
70738
69412
68167
67156
66191
65160
64146
63049
61977
60923
59703
58058
56766
55486
54195
52691
51203
49746
48377
46919
45634
44431
43133
41840
40610
39422
38101
36599
35032
33285
31413
29466
27366
25368
23579
21722
19932
18245
16718
15205
13672
12092
10694
9271
7711
6173
4625
3253
1887
