358283
312800
289809
268494
254431
245704
238849
232726
225338
212450
197158
185265
169132
154380
145326
138805
134236
130620
127354
124262
120988
117483
113597
108308
103163
100199
96770
93717
90523
88723
87054
85425
83790
82514
81118
79784
77955
76110
73973
72067
69575
67578
66270
64904
63589
62219
60733
59261
57691
56038
53991
50828
49148
47701
46540
45444
44394
43291
42158
40912
39684
38239
36324
34848
33434
32025
30438
28906
27587
26293
25025
24044
23034
22055
21079
20170
19227
18136
17021
15860
14500
13044
11493
10018
8689
7477
6424
5608
4845
4121
3519
2911
2351
1878
1486
1102
781
495
297
138
