170583
160315
152962
141891
133057
129427
126982
124644
121500
114308
104493
97908
86277
77099
73124
70202
68287
66989
65859
64745
63496
62157
60186
57831
54607
53195
51237
49701
47618
46772
45912
45095
44244
43753
43209
42620
41590
40609
39373
38292
36452
35170
34546
33840
33252
32608
31823
31237
30462
29796
28437
26995
26246
25545
25204
24898
24606
24256
23906
23493
23097
22520
21638
20918
20262
19654
18927
18150
17504
16841
16043
15473
14931
14375
13816
13342
12921
12530
12102
11613
11070
10366
9526
8712
7828
7060
6229
5449
4865
4314
3842
3451
3008
2574
2175
1843
1582
1241
875
430
