269302
236572
219967
203788
192870
186370
181357
176785
171426
161873
149986
140709
127569
115534
108665
103777
100342
97749
95270
93073
90695
88125
85194
81147
77135
74844
72262
69858
67441
66065
64786
63597
62360
61427
60506
59470
58149
56834
55203
53849
52050
50587
49575
48552
47622
46640
45514
44452
43236
41893
40260
37700
36395
35174
34344
33544
32811
31988
31156
30268
29398
28269
26727
25601
24503
23414
22219
21112
20079
19126
18122
17433
16711
15979
15214
14520
13867
13114
12311
11469
10520
9472
8284
7175
6083
5245
4536
3941
3408
2916
2488
2066
1709
1385
1079
796
567
351
230
97
