242280
212281
197071
182376
172204
166223
161725
157637
152754
144290
133286
124914
112511
101652
95483
91226
88130
85855
83828
81923
79731
77453
74780
71208
67626
65661
63414
61511
59336
58158
57064
55986
54916
54121
53322
52417
51243
50030
48660
47456
45744
44432
43566
42639
41809
40894
39911
38955
37857
36710
35142
32909
31829
30854
30161
29478
28827
28184
27509
26785
26030
25053
23726
22663
21748
20845
19847
18853
18023
17175
16286
15648
15029
14378
13711
13159
12564
11987
11300
10541
9719
8814
7792
6803
5893
5133
4471
3904
3354
2892
2479
2102
1742
1430
1106
810
533
319
223
103
