173873
166745
161472
150257
140306
137100
135462
133893
131980
126876
117714
111359
95346
83661
79457
76165
74144
73052
72140
71233
69993
68655
66245
63146
59314
57640
55504
53522
50948
50031
49091
48278
47283
46813
46277
45696
44401
43108
41389
39913
37525
36012
35233
34490
33917
33206
32158
31424
30329
29460
27420
25289
24384
23383
23046
22718
22440
22180
21854
21489
21061
20403
19049
18192
17323
16598
15554
14481
13735
13025
12184
11655
11138
10584
10001
9540
9073
8716
8355
7968
7458
6798
5948
5061
4194
3533
2971
2509
2055
1683
1393
1170
925
698
510
392
305
203
134
32
