187034
179766
173775
162299
151594
148143
146239
144211
141824
135216
124425
117234
101567
90153
85943
82682
80505
79235
78158
77006
75608
74173
71532
68518
64486
62698
60321
58258
55664
54658
53582
52554
51525
50963
50366
49691
48359
47037
45248
43699
41289
39685
38824
38022
37366
36612
35517
34715
33680
32827
30857
29019
28138
27114
26726
26391
26031
25685
25286
24876
24390
23699
22365
21481
20586
19789
18720
17652
16850
16046
15111
14524
13963
13295
12611
12063
11578
11177
10713
10232
9644
8876
7908
6899
5890
5114
4329
3588
3012
2521
2148
1771
1386
1078
788
599
456
297
182
46
