306769
273142
253640
234741
221127
212690
206401
200508
193037
180398
165881
155402
141894
129907
122872
117680
113995
111080
108553
106130
103470
100833
97737
93759
89640
87179
84425
81957
79297
77735
76281
74900
73464
72315
71234
70056
68496
66994
65254
63669
61675
60084
58991
57907
56917
55883
54793
53757
52599
51452
49953
47861
46656
45573
44779
44005
43229
42405
41550
40698
39764
38699
37241
36070
34998
33907
32695
31472
30336
29234
28081
27180
26221
25260
24359
23483
22657
21762
20797
19755
18623
17290
15767
14341
12939
11646
10430
9397
8499
7734
7027
6312
5540
4859
4099
3327
2680
1995
1382
698
