346072
330045
307019
303084
298913
292845
289649
288311
287525
286968
253528
248972
188645
177335
146768
144234
141887
138659
133032
131366
129876
128041
125860
124787
123966
123250
121964
117103
108614
107710
107302
106657
102876
98122
97357
96821
94794
92685
92136
91663
91280
90737
89631
88819
88314
83885
79960
75684
73123
72636
70345
67590
66013
63280
61151
59160
56971
54987
52523
51212
49773
48133
46603
44483
42278
40229
38278
36586
34925
33603
32134
30621
29194
27734
26267
24727
22852
20975
19343
17621
16112
14402
13075
11778
10470
8130
6121
4501
3335
2626
2130
1621
1133
842
625
334
105
4
0
0
