316702
308573
284920
283115
281191
279070
277932
277469
277086
276921
235397
231753
163915
152648
114816
113398
111964
109593
103139
102186
101549
100560
98803
98291
97946
97696
96673
91520
81564
80966
80796
80338
76104
70699
70146
69764
67502
65424
65065
64768
64549
64222
63201
62404
62091
56906
52748
47658
45166
44825
42415
39674
38242
35526
33591
31813
29983
28380
26469
25550
24508
23319
22147
20276
18594
17236
15805
14712
13696
12968
12101
11276
10577
9683
8847
8065
7136
6306
5631
4939
4488
3889
3437
3043
2639
1810
1263
909
645
495
384
294
207
144
107
50
13
0
0
0
