95853
91223
85076
83967
83016
81595
80735
80435
80242
80132
71392
70000
53792
50635
42617
41905
41239
40453
39050
38553
38103
37594
36964
36658
36474
36291
35944
34633
32243
31985
31881
31716
30717
29412
29171
29009
28445
27898
27745
27593
27476
27300
27019
26775
26626
25278
24086
22888
22090
21953
21254
20431
19934
19107
18356
17749
17022
16349
15529
15114
14658
14154
13679
13013
12321
11626
10990
10400
9835
9430
8966
8448
8033
7559
7145
6706
6071
5496
5006
4530
4149
3714
3393
3050
2686
2168
1718
1284
945
760
627
478
341
244
181
103
38
3
0
0
