178682
170806
160419
158041
155716
150799
147895
146606
145823
145302
130615
127685
98787
93440
82742
81392
80020
78143
75890
74504
72686
70938
69311
68209
67233
66313
65319
63074
60225
59758
59496
59182
57770
56191
55874
55603
54628
53745
53411
53135
52942
52589
51995
51577
51333
49585
48187
46543
45569
45294
44380
43320
42669
41629
40738
39796
38682
37806
36514
35837
35137
34158
33415
32409
31262
30278
29247
28273
27167
26333
25395
24455
23646
22662
21739
20770
19501
18303
17079
15957
14926
13785
12738
11621
10550
8764
6871
5291
4125
3449
2889
2303
1690
1318
982
527
202
16
0
0
