205397
197136
184499
182046
179516
174821
172279
171100
170378
169880
151408
148258
113157
106789
92062
90657
89138
87121
84190
82848
81325
79703
78117
77182
76366
75581
74602
71858
67630
67174
66912
66549
64622
62337
61915
61613
60441
59384
59000
58733
58516
58163
57538
57066
56789
54232
52147
49951
48631
48346
47041
45592
44726
43223
42039
40919
39565
38392
36814
36030
35167
34024
33226
32053
30813
29748
28569
27531
26238
25347
24418
23375
22470
21470
20521
19524
18216
16999
15792
14606
13599
12419
11399
10429
9421
7511
5856
4517
3550
3006
2578
2045
1481
1158
854
479
185
16
0
0
