94812
92213
85878
85140
84386
83143
82449
82191
82063
81957
71639
70245
51054
47638
39278
38803
38291
37512
36050
35656
35193
34702
34120
33881
33663
33476
33163
31564
29314
29121
29024
28894
27772
26546
26378
26260
25609
25119
24989
24897
24828
24694
24387
24173
24077
22572
21508
20183
19518
19399
18696
17888
17496
16818
16125
15571
14869
14250
13419
13127
12781
12264
11918
11334
10775
10292
9750
9252
8704
8349
7988
7582
7286
6885
6514
6111
5613
5168
4716
4295
3926
3596
3316
3022
2744
2300
1787
1348
1008
852
732
583
440
343
269
140
47
2
0
0
