139314
131911
123335
121590
120022
117207
115575
114965
114591
114333
102316
100334
77602
73192
62895
61774
60757
59387
57370
56564
55793
54936
53946
53448
53033
52644
52039
50282
47379
47026
46808
46554
45132
43534
43196
42992
42160
41412
41164
40959
40786
40530
40104
39776
39552
37842
36346
34761
33779
33554
32655
31554
30888
29780
28859
28057
27097
26282
25204
24650
23973
23215
22589
21700
20799
19868
18864
18090
17272
16652
15878
15139
14482
13740
13057
12264
11352
10463
9663
8881
8222
7436
6814
6151
5521
4511
3476
2644
2010
1659
1404
1095
805
601
454
248
92
6
0
0
