282131
266947
248173
244915
241539
236246
233470
232456
231811
231331
204627
200654
152757
143709
120078
117901
115899
113084
108494
106969
105560
104018
102091
101160
100352
99563
98340
94665
88287
87618
87242
86753
83830
80307
79706
79234
77549
75838
75342
74920
74583
74103
73244
72587
72198
68729
65764
62396
60430
59950
58217
56059
54664
52463
50737
49155
47414
45813
43921
42764
41565
40232
38959
37255
35430
33659
32010
30563
29097
28037
26693
25454
24273
23124
21991
20755
19292
17829
16465
15121
13991
12692
11573
10467
9362
7577
5689
4215
3237
2638
2218
1703
1242
906
662
338
110
5
0
0
