314183
301084
280256
278104
276289
274035
272541
271987
271574
271410
236977
233056
171284
160146
127096
125190
123590
121140
115298
114062
113250
112036
110195
109496
109080
108737
107593
102597
93120
92314
92058
91502
87455
82290
81552
81059
78946
76739
76265
75863
75593
75137
74113
73283
72856
67900
63562
58636
55971
55523
53011
50130
48428
45446
43258
41323
39250
37365
35131
33913
32611
31149
29713
27444
25233
23303
21455
19978
18726
17695
16502
15290
14161
13042
11880
10838
9628
8500
7616
6679
6031
5291
4686
4098
3531
2896
2158
1594
1110
830
623
472
294
180
119
60
13
0
0
0
