169832
163454
152647
151005
149421
146592
145033
144421
144059
143814
127682
125126
94200
88472
75403
74383
73286
71804
69477
68629
67582
66502
65334
64755
64270
63832
63131
60681
56980
56642
56484
56217
54512
52636
52322
52083
51092
50252
49961
49676
49501
49195
48641
48261
48035
45755
43885
41841
40674
40424
39220
37822
37092
35819
34598
33579
32335
31262
29704
29029
28336
27273
26639
25640
24610
23664
22583
21634
20499
19801
19005
18104
17389
16584
15735
14877
13840
12832
11763
10825
10058
9302
8652
7838
7004
6025
4908
3778
3000
2565
2209
1810
1370
1045
815
455
156
6
0
0
