154576
146153
136344
133876
131345
127660
125654
124858
124344
123993
111518
109260
85991
81334
70493
69237
67986
66493
64375
63432
62543
61644
60675
60051
59525
59047
58344
56355
53023
52608
52407
52136
50708
48978
48611
48354
47452
46610
46370
46103
45914
45636
45176
44800
44519
42701
40979
39352
38229
37964
36997
35813
35125
33944
32960
32062
31048
30150
29023
28354
27651
26816
26111
25157
24102
23098
22108
21250
20287
19612
18831
18056
17376
16561
15729
14925
13877
12847
11906
10923
10181
9193
8394
7589
6837
5300
4088
3103
2459
2020
1696
1354
976
734
557
326
104
1
0
0
