73053
71782
66433
66224
66014
65720
65526
65454
65418
65395
55670
54725
38065
35170
27123
26862
26596
26100
24767
24580
24363
24051
23635
23499
23420
23347
23163
21841
19694
19579
19547
19468
18461
17365
17251
17177
16661
16254
16164
16100
16075
16001
15775
15627
15574
14255
13364
12205
11663
11598
11007
10323
10009
9385
8898
8518
8040
7631
6982
6764
6539
6193
5980
5572
5201
4895
4535
4256
3892
3741
3562
3363
3222
3001
2773
2588
2326
2085
1877
1698
1541
1392
1264
1156
1047
931
783
627
477
408
337
251
192
138
105
54
20
2
0
0
