122777
117223
109498
108293
107275
105555
104543
104151
103877
103767
92305
90565
68927
64688
54035
53194
52441
51395
49558
48931
48386
47736
46969
46578
46315
46083
45646
43844
40802
40454
40300
40093
38676
36989
36726
36541
35712
34998
34805
34628
34489
34292
33884
33581
33426
31598
30038
28375
27442
27224
26294
25210
24521
23423
22563
21794
20875
20092
19095
18594
18023
17322
16672
15792
14914
14091
13303
12638
11889
11337
10756
10154
9642
9067
8469
7889
7155
6494
5936
5392
4925
4454
4036
3609
3184
2579
2038
1563
1200
994
798
626
436
294
208
110
36
2
0
0
