133488
126354
117960
115991
114056
111217
109647
109021
108648
108400
97046
95106
73485
69318
59045
57954
56956
55562
53591
52834
52077
51231
50267
49770
49362
48985
48401
46633
43736
43407
43225
42968
41638
39989
39694
39486
38726
37963
37724
37523
37366
37147
36742
36416
36206
34502
33061
31582
30696
30447
29620
28613
28005
26987
26173
25393
24573
23781
22843
22298
21695
20990
20414
19538
18603
17739
16918
16159
15445
14849
14176
13459
12824
12178
11535
10823
9990
9202
8538
7779
7133
6386
5802
5248
4691
3702
2837
2088
1562
1255
1045
804
554
390
299
151
60
4
0
0
