269743
262890
244261
242728
241136
238226
236538
235860
235403
235162
204033
200273
144183
134852
108993
107708
106290
104237
99682
98503
97171
95665
93904
93191
92638
92116
91134
86957
79917
79438
79199
78820
75553
71924
71405
71069
69221
67668
67313
67026
66813
66381
65464
64802
64528
60389
57291
53675
51803
51504
49633
47424
46231
44016
42334
40760
38923
37338
35239
34365
33433
32113
31160
29652
28176
26892
25374
24237
22768
21821
20837
19856
19069
18049
16997
16000
14688
13441
12294
11205
10334
9379
8652
7843
7110
6152
4963
3853
3004
2514
2135
1723
1273
992
733
392
139
6
0
0
