355716
339041
315213
311813
308974
304678
302161
301169
300527
300174
263852
259408
194430
182313
147824
145372
143166
140249
134046
132442
131286
129770
127701
126811
126141
125590
124246
119033
109474
108576
108192
107529
103398
98043
97265
96665
94413
92147
91570
91076
90726
90188
89006
88158
87667
82478
78194
73119
70253
69727
67144
64074
62277
59282
56846
54725
52395
50242
47675
46381
44896
43215
41517
39136
36757
34543
32483
30777
29118
27855
26342
24751
23286
21819
20373
18882
17118
15391
13977
12431
11278
9906
8902
7907
6918
5469
4196
3090
2245
1717
1345
1033
678
446
308
152
53
4
0
0
