95687
91555
85253
84330
83540
82250
81478
81156
80970
80873
71492
70205
52782
49511
40907
40275
39710
38868
37371
36933
36517
36039
35434
35167
34969
34776
34408
32938
30383
30136
30041
29889
28738
27414
27216
27081
26540
25953
25796
25654
25568
25438
25105
24877
24747
23378
22186
20864
20163
20028
19386
18528
18089
17287
16658
16109
15452
14894
14191
13847
13437
12886
12451
11809
11167
10608
9997
9499
9021
8637
8224
7771
7426
6967
6558
6161
5638
5116
4726
4227
3887
3518
3178
2840
2567
2158
1632
1263
946
755
609
479
344
259
195
114
37
1
0
0
