85650
81814
76343
75482
74706
73462
72725
72468
72292
72192
64203
63007
47633
44710
37182
36572
36029
35293
33885
33505
33124
32694
32156
31898
31692
31521
31188
29818
27643
27411
27317
27155
26171
25014
24809
24690
24126
23630
23504
23376
23277
23151
22853
22637
22509
21249
20154
18973
18321
18201
17587
16875
16454
15722
15122
14599
13998
13424
12790
12455
12088
11648
11258
10730
10152
9660
9084
8664
8190
7855
7442
7041
6675
6259
5887
5515
5037
4578
4176
3743
3431
3101
2819
2535
2255
1802
1308
936
712
579
471
371
268
219
166
95
36
2
0
0
