112661
109785
102407
101770
101160
100287
99699
99471
99305
99200
86625
85015
61942
57792
46907
46344
45831
45019
43303
42909
42508
41978
41272
41029
40801
40627
40222
38228
35202
35011
34912
34746
33289
31757
31558
31420
30718
30083
29938
29831
29764
29616
29218
28957
28841
26860
25436
23796
22945
22809
21880
20792
20281
19302
18466
17753
16910
16193
15161
14737
14309
13675
13243
12531
11887
11299
10527
9935
9278
8841
8329
7888
7517
7073
6681
6223
5673
5151
4654
4214
3871
3514
3212
2909
2608
2194
1780
1346
1034
863
734
555
395
301
233
135
54
3
0
0
