207483
198893
185139
183311
181550
179397
178185
177650
177282
177071
155839
153261
114824
107780
86415
85015
83808
82126
78449
77536
76953
76189
74999
74529
74229
73956
73109
69950
63700
63151
62953
62571
59945
56501
55990
55674
54352
52963
52647
52422
52201
51904
51227
50641
50336
47046
44027
40885
39078
38761
37085
35177
34061
32013
30575
29234
27921
26639
25067
24176
23275
22258
21282
19765
18327
16996
15828
14857
13957
13251
12363
11546
10813
10052
9239
8494
7614
6790
6138
5347
4842
4254
3776
3320
2871
2103
1544
1087
750
574
457
337
230
152
110
59
18
1
0
0
