141738
133843
126027
123644
121142
116393
113684
112413
111702
111130
101386
99024
79364
75484
68315
67036
65741
64037
62248
60989
59480
57930
56597
55696
54753
53860
52966
51394
49298
48871
48611
48323
47313
46112
45776
45543
44823
44167
43894
43640
43439
43125
42705
42407
42201
40994
39926
38825
38084
37845
37205
36443
35875
35084
34366
33668
32814
32067
31176
30659
30066
29354
28730
27942
27036
26167
25295
24532
23733
23059
22307
21492
20782
19962
19163
18342
17292
16200
15174
14121
13133
11999
11057
10133
9207
7334
5601
4133
3248
2689
2325
1787
1284
966
727
365
152
14
0
0
