276796
263083
244869
242164
239548
234935
232541
231545
230941
230588
204067
200480
152520
143567
119092
117184
115270
112749
108231
106842
105724
104311
102526
101637
100956
100263
99058
95228
88318
87657
87325
86779
83816
79953
79346
78903
77197
75486
75040
74653
74354
73867
72987
72309
71903
68109
64892
61349
59248
58782
56831
54543
53257
50962
49206
47490
45708
43968
41970
40854
39720
38343
37107
35404
33580
31891
30237
28818
27398
26315
25068
23777
22602
21368
20180
18879
17363
15905
14654
13326
12227
10941
9916
8820
7892
6383
4836
3563
2607
2064
1668
1264
864
633
451
241
73
4
0
0
