102321
100652
93033
92712
92366
91913
91618
91532
91449
91418
77785
76464
53033
49129
37427
37134
36723
36072
34262
34010
33732
33362
32803
32629
32506
32419
32106
30187
27189
27057
27011
26889
25485
23910
23741
23663
22948
22378
22287
22205
22154
22047
21711
21455
21372
19620
18350
16722
15954
15876
15057
14115
13673
12789
12134
11493
10769
10196
9369
9104
8794
8320
8036
7476
7040
6614
6118
5776
5279
4998
4694
4427
4212
3913
3622
3306
2914
2582
2299
2075
1853
1673
1533
1356
1207
1007
766
593
447
353
288
212
147
96
72
36
14
2
0
0
