176962
168156
157392
154211
150869
146462
144139
142956
142219
141665
127773
124837
96901
91595
80579
79043
77561
75697
73290
72013
70497
69047
67620
66807
66084
65343
64504
62356
59275
58840
58567
58272
56691
54948
54598
54333
53345
52415
52092
51808
51594
51257
50708
50320
50067
48116
46504
44728
43689
43434
42432
41271
40539
39385
38439
37510
36367
35407
34100
33402
32631
31731
30927
29845
28655
27615
26459
25530
24466
23663
22765
21859
21075
20194
19332
18313
17131
15963
14842
13763
12813
11547
10563
9713
8708
6320
4916
3803
2986
2491
2113
1687
1250
956
747
393
160
12
0
0
