245794
235915
220594
217909
215126
210096
207513
206473
205844
205446
183048
179346
135636
127686
109012
107363
105767
103523
100149
98736
97118
95478
93720
92796
92012
91316
90247
86835
81576
81033
80735
80293
77837
75081
74580
74192
72783
71452
71047
70700
70444
70048
69256
68721
68380
65240
62662
59692
58052
57687
56099
54215
53157
51319
49735
48346
46579
45066
43091
42147
41169
39827
38792
37302
35772
34277
32739
31394
29929
28908
27788
26542
25519
24300
23147
21931
20407
18909
17433
16046
14908
13633
12575
11390
10233
8545
6768
5288
4180
3521
2987
2396
1742
1355
1048
581
212
12
0
0
