378243
362236
336663
333374
330068
325225
322536
321472
320761
320355
281948
277136
208316
196073
160303
157947
155618
152468
145963
144273
142852
141192
138895
137905
137066
136393
134873
129235
118911
118011
117601
116908
112486
106874
106000
105398
103028
100610
100057
99556
99196
98663
97417
96437
95902
90369
85489
79934
76798
76208
73373
69997
68139
64742
62251
59827
57317
54942
52114
50612
49008
47305
45689
43208
40749
38348
36049
34146
32338
30925
29223
27505
25940
24348
22806
21169
19373
17550
16020
14459
13206
11786
10688
9543
8458
6685
5058
3736
2748
2133
1728
1315
914
645
447
238
58
3
0
0
