353760
337973
315191
311570
307353
300476
296848
295333
294405
293696
259986
255179
194305
182996
152958
150357
147890
144463
138929
137120
135399
133412
130956
129723
128560
127581
125957
120949
112762
111884
111400
110814
107210
102742
101962
101407
99348
97321
96777
96302
95924
95375
94303
93426
92917
88321
84325
79790
77232
76680
74335
71537
69934
67172
65021
62947
60763
58646
56147
54845
53403
51786
50308
48273
46004
43895
41781
40061
38306
36909
35334
33689
32319
30904
29440
27846
25923
24132
22347
20658
19036
17233
15720
14216
12746
10207
7692
5714
4389
3598
2971
2293
1625
1214
884
491
169
8
0
0
