379639
361850
336759
332810
328969
324355
321709
320585
319749
319284
281774
276944
209109
196303
160469
157769
155466
152192
145484
143733
142388
140779
138573
137548
136835
136159
134592
129093
118735
117691
117291
116522
112178
106506
105588
104983
102609
100150
99541
98967
98610
98027
96850
95858
95286
89751
84746
79369
76268
75666
72897
69572
67554
64163
61533
59207
56704
54304
51520
49999
48271
46375
44578
41964
39269
36782
34490
32550
30753
29350
27640
25980
24468
22855
21272
19625
17756
16041
14654
13145
12018
10534
9383
8392
7330
5412
4009
2878
2043
1522
1210
887
580
393
295
152
51
1
0
0
