179709
172698
161942
159755
157415
152933
150381
149320
148603
148023
132207
129223
98857
93490
81835
80529
79144
77233
74722
73347
71588
69893
68200
67221
66256
65269
64177
61826
58577
58129
57867
57544
55900
54142
53739
53480
52468
51570
51280
51063
50876
50543
49980
49598
49328
47440
45869
44064
43090
42846
41894
40788
40132
39034
38133
37252
36122
35167
33891
33260
32581
31717
30984
30046
29015
28101
27137
26245
25247
24514
23711
22846
22123
21268
20446
19552
18415
17292
16157
15088
14209
12973
12004
11034
10084
8187
6441
4943
3885
3266
2771
2204
1656
1260
907
518
189
16
0
0
