351488
337854
313510
310848
308432
305207
303137
302456
301925
301666
262689
258350
189866
177638
141593
139394
137397
134613
128130
126686
125658
124253
122224
121499
120963
120494
119282
113935
103986
103139
102836
102267
97919
92319
91545
91035
88700
86444
85962
85532
85209
84723
83600
82671
82190
76791
72180
66955
64083
63600
61005
57877
56027
52841
50524
48463
46232
44139
41679
40352
38871
37235
35628
33297
31013
28829
26748
25078
23553
22381
20999
19642
18418
17056
15699
14438
13022
11618
10480
9330
8393
7335
6567
5800
5080
4074
3072
2216
1538
1169
929
724
503
352
243
129
44
3
0
0
