307019
291615
271543
268014
264509
258565
255354
254185
253458
252988
224684
220437
168784
158893
133051
130818
128594
125583
120579
118913
117476
115808
113779
112732
111775
110885
109513
105189
97912
97107
96730
96207
92966
89007
88349
87845
86063
84259
83760
83275
82945
82465
81501
80773
80329
76443
72976
69146
66893
66427
64408
61928
60453
58080
56155
54384
52361
50444
48188
46946
45631
44161
42688
40729
38740
36841
35011
33469
31819
30548
29116
27646
26456
25118
23758
22366
20800
19173
17731
16288
14975
13629
12467
11262
10054
8184
5899
4262
3141
2498
2063
1613
1142
840
614
331
112
8
0
0
