280006
269646
251016
249205
247384
245199
243831
243327
242919
242760
212672
209217
154777
144798
115288
113644
112153
110101
104903
103768
102981
101981
100347
99797
99390
99052
97949
93473
84803
84089
83852
83349
79664
74874
74216
73805
71987
70071
69708
69341
69105
68733
67827
67066
66639
62058
57895
53507
51018
50594
48342
45654
44138
41451
39512
37767
35847
34107
32049
30917
29713
28327
27072
25096
23258
21520
19941
18626
17393
16507
15491
14468
13540
12565
11583
10582
9543
8490
7596
6761
6114
5374
4788
4212
3661
3007
2220
1655
1207
949
737
575
414
311
238
129
42
2
0
0
