42613
41401
38538
38297
38113
37813
37639
37558
37507
37482
32661
32110
23436
21889
17513
17305
17092
16771
16072
15921
15776
15606
15355
15282
15231
15169
15024
14273
12994
12913
12877
12820
12253
11599
11514
11464
11193
10929
10877
10832
10809
10759
10595
10487
10426
9710
9149
8464
8136
8091
7750
7319
7128
6677
6335
6036
5719
5426
5015
4846
4680
4470
4295
4018
3750
3523
3276
3098
2856
2708
2552
2374
2254
2131
1968
1816
1648
1458
1296
1152
1053
944
856
761
683
592
463
337
249
197
160
130
96
72
56
27
13
1
0
0
