202553
196283
183828
182175
180611
177364
175561
174902
174524
174251
154492
151318
113504
106650
91563
90370
89164
87427
84816
83615
82109
80543
78936
78178
77491
76894
76045
73068
68872
68467
68232
67936
65853
63648
63282
63044
61770
60766
60419
60153
59937
59538
58873
58425
58173
55436
53288
50953
49555
49290
47902
46305
45435
43935
42497
41219
39659
38381
36528
35722
34907
33647
32882
31769
30504
29389
28114
27008
25610
24732
23837
22843
22075
21120
20253
19203
17999
16912
15619
14495
13603
12650
11782
10750
9823
8543
7067
5649
4569
4001
3466
2800
2131
1729
1343
763
291
21
0
0
