313642
298385
277462
274369
271438
267017
264614
263611
262981
262656
232517
228531
174056
163796
135179
132945
130844
128161
122926
121361
120116
118638
116671
115785
115049
114440
113091
108629
100443
99668
99326
98691
95226
90616
89874
89308
87337
85328
84827
84364
84035
83536
82545
81714
81259
76866
72984
68743
66147
65646
63340
60624
59047
56224
54081
52058
49993
47996
45669
44394
43032
41471
40000
37929
35732
33725
31815
30140
28518
27273
25820
24304
22923
21555
20197
18738
17136
15567
14167
12803
11705
10391
9348
8350
7376
5984
4551
3373
2449
1850
1481
1104
753
543
391
221
70
4
0
0
