129671
125677
117320
116415
115661
114373
113599
113324
113160
113055
99536
97483
71948
67315
56280
55508
54832
53832
51988
51352
50592
49739
48867
48456
48172
47952
47490
45472
42451
42176
42054
41887
40345
38752
38491
38331
37508
36841
36660
36512
36399
36171
35707
35430
35292
33377
31900
30244
29285
29108
28195
27125
26543
25525
24601
23797
22771
21927
20699
20188
19679
18878
18402
17604
16791
16106
15219
14535
13631
13120
12551
11902
11419
10743
10177
9567
8773
8070
7309
6669
6134
5610
5163
4627
4135
3591
2903
2300
1787
1529
1300
1065
783
611
476
278
109
10
0
0
