317880
274560
259960
250368
239124
219490
205606
192726
184499
181656
178778
169888
158878
149018
145156
141715
137636
134125
130529
127531
123816
121622
120267
118990
117682
116377
114760
113211
110375
108382
107397
106179
104836
103701
102448
100701
98455
96557
95274
94026
92334
91014
89884
88515
87128
85976
84215
81874
80452
79233
77934
76655
74062
72980
70924
70264
69732
69213
68606
67777
66992
66056
65113
64021
62126
61107
60146
59629
59091
58528
57875
57286
56619
55663
54333
53287
52448
51653
50806
49852
48712
47484
46112
44829
43615
42572
41200
38891
37718
36250
34367
32446
30960
29566
27921
26448
24374
21062
17517
6632
