468445
362596
241149
230088
198392
191818
182682
173904
166379
157130
151097
149601
147645
146503
144156
142059
139566
138040
136213
135109
132897
130949
127971
125497
123324
122265
121250
119504
117447
116292
115983
115659
115375
115008
114597
114090
113648
113073
112160
111325
110848
110659
110478
110255
110042
109806
109585
109456
109366
109189
108822
108467
108038
107700
106891
105435
103808
102926
102350
101679
101131
100737
100161
99383
98823
98190
97371
95768
91211
81387
76531
75568
74566
73149
72437
71419
70471
69110
66777
65437
63251
60920
59583
58000
54758
53315
51553
50588
49280
48468
38273
36144
33494
32072
30307
26707
18939
5658
3164
274
