1262023
998077
903065
859203
797412
766333
726510
689539
667050
644987
618411
597258
577053
565159
552824
541699
528926
518030
508165
500018
492791
486277
479901
473027
464771
457048
452575
448339
442725
436357
433246
431240
429239
426999
424815
422329
419762
416621
413867
411282
408920
407553
406444
404949
403711
402577
401450
400485
399789
398900
397675
396336
394970
393845
392409
390397
387929
385754
384611
383393
381981
381029
379963
378672
377445
376366
374989
372889
368199
359332
350267
347400
345113
341386
339253
336707
334546
332321
326375
322178
317353
313286
308411
304540
296045
284943
277161
271173
266081
262286
246191
233614
224135
217212
207632
196426
153925
72260
38397
2669
