478853
415669
392884
377427
358872
327168
305882
285376
272569
268030
264164
253497
240291
227733
222036
216526
210595
205196
200057
195700
190334
187192
185046
183012
180937
178773
176038
173526
168113
164785
163279
161546
159774
158167
156385
153973
150812
147574
145372
143288
140427
138204
136592
134651
132887
131372
129358
126791
124739
122840
120888
118879
114382
112794
109302
108226
107372
106590
105740
104550
103416
102179
100796
99251
96064
94607
92927
92056
91251
90380
89310
88346
87380
85935
84127
82715
81424
80260
78937
77481
75628
73701
71648
69634
67725
66130
64116
60537
58642
56375
53415
50326
48071
45918
43413
41184
38036
32864
27700
10323
