338261
294762
278754
268043
255348
233957
218679
203546
194501
191231
188709
182237
173987
165769
161608
157582
153236
149716
146191
143306
139506
137268
135721
134303
132776
131088
128734
126381
121331
118571
117569
116562
115387
114171
112943
111199
108967
106513
104851
103304
100997
99332
98096
96740
95475
94418
93093
91446
90024
88721
87349
85869
82358
81187
78639
77786
77178
76549
75959
75110
74294
73510
72589
71432
69134
68118
66932
66312
65731
65083
64271
63567
62814
61803
60519
59518
58687
57900
56944
55899
54586
53217
51665
50214
48771
47661
46241
43600
42249
40471
38288
36143
34531
32977
31201
29526
27168
23615
19881
7161
