628811
561121
542695
531811
522005
515004
508626
504823
502530
500334
497962
492450
487696
483798
480110
477234
473400
466411
457914
453552
450853
448788
446699
439628
436527
435183
433439
432014
431055
430169
429426
428753
428080
427453
426837
426241
425740
425266
379423
328801
324320
318352
312732
310493
307321
297976
293651
288212
283249
280395
275402
272553
270021
262782
256409
250737
246014
242487
239013
235727
230095
224718
218771
214911
211594
207665
204127
199888
196373
192153
187961
184122
179865
175839
171711
168074
164608
160283
156460
152438
148362
144284
139645
135153
130692
125717
119386
111389
103583
96096
86142
79197
72170
58809
44113
35014
26216
15815
10189
1264
