640696
572296
553898
543107
533498
526528
520049
516244
513871
511699
509375
503866
499194
495483
492060
489224
485516
478774
470335
465998
463320
461254
459195
452029
448913
447619
445872
444528
443628
442695
441916
441254
440598
439986
439384
438825
438307
437845
389807
336763
332143
325694
319793
317313
313847
303788
299205
293570
288135
285185
279883
276800
274103
267004
260548
254761
249883
246349
242917
239487
233852
228421
222535
218367
215043
211095
207459
202990
199322
194858
190580
186768
182336
178050
173860
170052
166510
161914
157887
153575
149302
145129
140132
135584
131051
126164
119452
111247
104158
96512
86534
79506
72342
58755
45294
36453
27609
17056
11275
1372
