672560
613975
596338
584747
575838
566856
556139
550542
545967
541867
537423
532057
526159
521341
516525
512387
507841
501843
494699
489516
485861
482850
479631
473844
470082
467416
464815
462449
460164
457968
456110
454203
452215
450164
448132
446211
444382
442452
422146
400926
396818
391684
387905
385116
381584
376324
372566
368090
363966
360862
356470
353242
350171
345277
339327
334892
330602
326915
323404
319586
314092
309486
304353
300173
296558
292520
288338
283519
279529
274703
270522
266336
261920
256684
251985
247328
242832
237032
231033
225155
218976
212770
206336
198555
188000
178232
165921
148540
134667
121974
108064
96751
84092
67749
51182
40219
32092
21502
11149
1300
