575372
433465
348642
332003
296473
285821
270316
257755
246049
233684
222721
219280
215935
213601
210309
206912
202846
199996
197539
195534
192842
190450
186815
183133
179500
177246
175983
173826
170856
168456
167850
167235
166695
166056
165324
164436
163721
162708
161359
159940
159024
158659
158325
157973
157603
157207
156845
156651
156443
156159
155730
155248
154693
154212
153259
151604
149598
148034
147310
146427
145602
145072
144364
143497
142732
142001
140978
139161
135025
125598
117261
115629
114435
111978
110784
109240
107964
106843
102564
100782
98473
96328
94519
92878
89927
86975
84460
82919
80842
79615
69863
66397
62315
59927
56752
51765
39227
12221
6629
603
