809336
737219
714328
699760
688758
678907
667811
660996
655177
649971
644255
636966
629705
623114
616511
610992
604811
596611
587750
581426
576645
572738
568543
561700
557192
553959
550694
547826
545091
542508
540181
538069
535727
533675
531585
529446
527380
525364
498520
470519
465409
458798
453961
450588
446140
438996
433994
428316
423101
419223
413582
409502
405286
398693
391293
385590
380113
375375
370952
366395
359984
354166
347764
342811
338458
333773
329020
323192
318440
312970
307859
302942
297769
291952
286378
281085
275769
268991
262336
255565
248548
241324
233878
224389
208565
197478
184393
163492
148080
134665
120039
108474
96080
77358
57221
44139
34853
22759
12771
1414
