1184990
937474
824340
782093
721329
693903
654603
617220
594246
573974
550139
532307
515212
504744
493523
483180
471404
461072
452132
444788
438301
432490
426375
419675
411651
404259
400298
396403
391438
385585
382922
381050
379436
377386
375392
373119
371006
368162
365418
362786
360524
359354
358400
357069
355929
354940
353968
353159
352564
351793
350707
349592
348400
347435
346012
343988
341538
339327
338181
336844
335516
334539
333402
332138
330916
329948
328578
326505
322321
314140
304927
302123
299991
296393
294303
291753
289760
287812
281509
277364
272478
269487
264831
261613
254650
243402
236435
231061
226092
222941
211439
200553
192099
185711
177569
169436
135028
62975
33834
2397
