600811
459324
360201
343450
306129
295020
279824
267394
256272
244497
234077
230588
227046
224782
221383
217969
213995
211198
208472
206366
203493
200810
197170
193703
190303
188178
186816
184649
181864
179683
179008
178435
177950
177265
176561
175698
174991
174048
172787
171587
170792
170454
170148
169740
169407
168994
168628
168412
168224
167906
167430
166880
166254
165744
164741
163120
161150
159807
159088
158264
157529
157022
156294
155394
154603
153813
152775
150976
146343
136471
129294
127839
126491
124294
123078
121507
120166
118706
114670
112680
110196
107509
105666
103902
100144
97391
94685
93091
90980
89560
76278
72021
67515
65017
61581
55750
42190
13451
7189
835
