331054
257992
216605
206879
189555
182659
172125
163117
157222
152023
145994
141160
135981
133055
129965
127312
124197
121500
119253
117289
115508
113932
112288
110535
108288
106300
105202
104104
102712
101164
100468
99962
99526
98988
98415
97785
97216
96459
95758
95133
94528
94205
93940
93578
93280
93016
92729
92495
92346
92143
91844
91545
91225
90961
90561
90008
89371
88814
88528
88190
87873
87645
87383
87061
86753
86467
86122
85544
84282
81703
79344
78648
78069
77087
76547
75876
75345
74801
73329
72236
71001
70151
69080
68172
66219
63635
61771
60280
58936
58113
54592
51861
49623
47954
45899
43436
33802
16669
8834
574
