863194
655521
479180
456762
407325
393913
374596
355748
338504
319694
308310
304352
299958
297403
292911
288397
282919
279429
275405
272780
268483
264327
257953
252576
247673
245250
243062
239327
234633
232004
231268
230661
230075
229315
228546
227545
226813
225502
223369
221510
220593
220204
219847
219361
218825
218314
217857
217604
217412
217037
216360
215594
214689
213878
211991
208429
204565
202587
201300
199848
198810
198015
196811
195235
194032
192804
190903
187289
176230
152901
141536
139415
137356
134156
132716
130894
128987
126941
121902
119570
116204
112470
110186
107297
101911
98460
94895
93068
90582
89026
72537
68013
63405
60866
57747
52014
40619
13664
7548
825
