699339
635087
615733
603549
594293
585505
574529
569019
564572
560707
556559
550986
545162
540601
536029
532330
528003
521757
514512
509434
505939
503069
499962
494213
490430
487904
485235
483057
481040
478972
477113
475433
473748
472069
470375
468703
467184
465642
439918
411922
407244
401074
397021
394272
390345
383529
379016
373875
369157
365833
360737
357262
353861
348242
341613
336688
331877
327796
324053
320101
314043
308856
303234
298533
294739
290490
285958
280566
276125
270949
266469
261923
257269
251674
246783
241957
237248
230938
224774
218811
212469
206190
199589
191925
182312
172823
160878
145319
131898
119497
105991
95285
83480
67250
51293
40464
32247
21142
11892
1390
