1243224
1111482
1059606
1024696
983102
915297
851404
781838
735395
719291
711531
697174
677838
654395
639837
624661
607828
593932
581621
572254
560426
552628
546257
540283
531989
525863
518674
510744
491880
480708
476782
472660
468010
463441
459132
453663
445765
433424
427762
421637
413165
407340
402752
397156
392797
389182
385201
380777
375821
370417
365437
359234
341099
334984
315781
312993
310911
308703
306815
304614
302181
299359
295993
291834
282057
278079
270544
268679
266949
264960
262442
260396
258390
255556
252261
249449
246639
244053
241103
238064
234252
230181
225263
220732
216309
212503
206805
191847
187477
182001
175198
168532
163416
157942
151598
146010
137717
125135
108945
36093
