1293331
1161686
1108261
1071808
1028516
954305
891151
818420
772188
755708
747489
733325
713925
690529
675445
659024
641711
628302
615913
605675
591257
582742
576130
569655
560793
553715
544962
535362
511420
499405
495501
491485
486689
481825
477178
471296
462684
448818
442424
435934
426300
420077
415161
409197
404466
400465
396502
391910
386612
380702
375480
369200
351554
345582
327293
324225
321936
319595
317622
315251
312734
309971
306571
302359
292526
288524
280788
278681
276584
274302
271392
268943
266547
263415
259877
256760
253793
250838
247386
243901
239440
234547
228832
223530
218341
213992
207744
192482
187301
180831
172859
165343
159812
153964
147363
141502
133128
119757
103175
34388
