309306
307976
301021
300633
300544
298187
295072
290110
289726
289622
289175
289016
288899
288845
288790
268584
267976
267566
266835
266645
266593
266105
264879
262354
262011
199254
198301
196682
190446
190086
189601
189076
188482
187687
187493
187320
162353
161952
146420
143957
131136
129687
128486
127324
126619
126226
125372
125036
123478
123149
122920
121863
120184
119401
116969
115066
109186
107487
104626
102407
101304
99590
97962
95760
94220
93395
91865
90061
89021
88363
87560
86238
85648
83939
82913
81443
80446
78880
77823
75613
74615
72877
70896
66950
65184
61807
60082
58028
56086
54363
52315
43902
41026
39326
36522
34521
32896
30248
26514
16851
