1530563
1343441
1276701
1231926
1179055
1090828
1020387
947295
899348
882571
871156
843303
807606
774006
757059
738812
718814
702695
687319
674294
657925
647782
640360
633430
624737
617045
607697
597569
575353
562469
557591
552481
546487
541081
535336
527814
517539
504095
497519
490876
481724
475442
470090
463278
457472
452815
446563
439927
433680
427293
421245
414382
396028
389657
371333
368002
365216
362451
359772
356475
352966
349107
344769
339536
329093
324037
315737
313201
310725
308078
304777
301903
298739
294097
288309
283635
279270
275311
271109
266605
261127
255327
248536
241974
235673
230407
223614
208458
202534
194918
185355
176090
169086
162011
154117
147042
137050
122434
104629
35021
