162922
141650
134106
129205
123322
113113
105737
98810
94085
92456
91100
87342
82788
78313
76459
74645
72588
70835
69027
67507
65474
64351
63563
62811
62033
61303
60409
59494
57703
56563
56061
55531
54953
54420
53754
52895
51759
50636
49962
49271
48327
47547
47011
46310
45623
45064
44225
43167
42483
41839
41216
40558
39027
38437
37296
36927
36614
36334
35998
35556
35178
34734
34255
33691
32589
32058
31455
31147
30862
30570
30199
29887
29551
29076
28446
27900
27420
26973
26532
26031
25349
24652
23904
23196
22552
22032
21370
20175
19515
18711
17738
16736
16004
15268
14489
13726
12695
11076
9373
3366
