487096
424270
402032
387183
369626
340348
317889
296222
282535
277548
273617
263027
249267
236249
230341
224853
218723
213285
207711
203215
197364
193961
191778
189700
187481
185366
182620
179890
174670
171305
169734
167800
165708
163892
162058
159490
156302
153074
150820
148831
145941
143736
141986
140007
138099
136609
134452
131649
129539
127594
125656
123475
118360
116518
112779
111661
110821
109999
109194
108069
106953
105690
104357
102844
99344
97786
96025
95229
94493
93635
92598
91716
90774
89399
87623
86206
84918
83784
82620
81301
79655
77878
75927
74171
72456
70977
68855
65078
63323
61233
58553
55746
53565
51417
48907
46557
43300
37952
32213
11984
