237200
236108
230336
230012
229937
227715
224999
220958
220658
220547
220193
220061
219965
219901
219851
205917
205396
205084
204498
204323
204286
203918
202993
201073
200784
156862
156101
154865
150076
149783
149403
148958
148423
147824
147676
147506
129187
128857
117594
115761
105978
104763
103863
102952
102326
101983
101355
101046
99945
99664
99462
98555
96956
96237
94268
92631
87846
86365
84164
82252
81389
79940
78558
76819
75633
75012
73879
72344
71473
70991
70338
69234
68773
67482
66696
65497
64677
63344
62556
60879
60009
58761
57211
53904
52481
49701
48279
46690
45121
43759
42150
35461
33142
31708
29526
27952
26645
24513
21430
13747
