1214231
1076883
1025292
990314
949414
881216
823797
762841
723793
709954
701818
684208
661288
636501
622707
607674
591429
578676
566340
556498
543720
535859
529864
523930
515871
509659
502156
493700
474775
463945
460029
455887
450766
446197
441767
436176
427942
414891
409329
403626
395980
390928
386581
381065
376700
373217
369127
364362
359585
354460
349518
343885
326886
321115
302389
299721
297694
295467
293353
290865
288260
285454
282189
278233
269303
265083
257358
255395
253574
251477
248877
246711
244423
241044
236904
233542
230240
227159
223893
220645
216465
211873
206702
201746
196956
192977
187440
173631
169034
163491
156490
149512
144330
138897
132856
127394
119785
108462
93997
30569
