1457059
1305501
1246238
1206706
1159570
1081058
1012746
934797
886918
868809
858832
840490
815852
788998
771903
753138
733954
719939
706635
695341
679956
670324
662780
655226
644856
636673
627092
615740
589431
575422
570821
566231
560584
555009
549681
542818
532517
514367
507496
500259
490482
484090
478672
471698
466361
462017
457435
452238
446294
439695
433605
426137
403917
396495
371225
367948
365468
362888
360518
357765
354860
351664
347986
343360
332281
327462
316966
314734
312602
310135
306931
304388
301758
298267
294030
290781
287425
284137
280341
276396
271383
265826
259293
253387
247789
243099
236428
218711
213137
206303
197595
189338
183099
176756
169569
163154
153700
140027
122038
38964
