182559
181766
177386
176807
176715
173900
171275
167932
167510
167366
166908
166650
166406
166294
166222
151358
150903
150717
150258
149932
149893
149227
148378
147226
146788
110896
110260
109281
106347
105742
105103
104594
104066
103565
103354
103143
92695
92156
85985
85050
80528
79945
79420
78817
78322
78023
77578
77281
76541
76234
75948
75196
73934
73022
71640
70472
67512
65784
64616
63518
62839
61934
61181
60258
59572
59093
58325
57280
56552
56174
55783
55053
54624
53875
53368
52686
52214
51303
50733
49772
49216
48315
47286
45342
44464
42809
41901
40982
40004
38783
37805
33941
32396
30895
29491
28272
27014
24594
21810
15146
