1648478
1472112
1404349
1359283
1305128
1215048
1137086
1048785
995189
974956
964072
943304
915568
884226
864508
843299
821617
804965
789517
776623
759448
748624
740197
731687
719842
710735
699548
686849
657143
641558
636362
631067
624720
618507
612511
604871
593371
574524
566546
558202
546597
539139
533116
525381
519368
514307
509000
502926
496102
488669
481828
473449
450003
441983
416462
412771
409914
406962
404190
400815
397493
393858
389408
383739
370861
365222
354365
351752
349290
346398
342731
339769
336704
332540
327744
323850
320016
316212
311899
307461
301978
295939
289031
282212
275795
270419
262786
244169
237808
229961
220211
210912
203850
196499
188077
180605
169861
153791
133514
44027
