672213
615138
598552
587363
579044
570136
559204
553768
549183
544847
540267
535051
529307
524635
519851
515451
510753
505096
498345
493364
489679
486607
483320
477634
473782
470985
468081
465448
462973
460450
458172
456019
453729
451397
449162
446962
444758
442533
424817
407066
402955
397906
394112
391314
387632
382784
379005
374473
370304
367095
362802
359399
356049
351317
345410
341056
336705
332911
329330
325452
320265
315763
310854
306670
302944
299077
294908
290012
285737
281017
276657
272340
267964
262656
257787
252856
248203
241962
235581
229258
222688
215732
208485
199311
185769
174369
161388
143296
128598
115374
101685
90190
77247
61386
46439
36631
29188
19309
9709
1164
