417151
319713
238671
227726
201369
194640
185157
176317
168384
159505
153202
151345
149131
147817
145600
143342
140794
139136
137326
136052
134003
132082
129216
126563
124200
122908
121888
120167
118128
116762
116448
116090
115772
115364
114903
114425
114013
113344
112342
111372
110879
110674
110499
110268
110022
109754
109540
109409
109307
109141
108822
108447
108059
107717
106912
105389
103714
102692
102055
101342
100792
100444
99870
99211
98611
98027
97171
95599
91300
81660
75954
74880
73932
72283
71502
70454
69532
68503
65639
64359
62623
60725
59542
58215
55626
53936
52194
51149
49798
48989
40218
37908
35221
33870
31968
28542
21818
6474
3560
267
