1551136
1220953
1082825
1031585
950067
914672
866555
824166
795383
767814
736634
715204
693610
680849
667128
654345
639566
627563
616955
608130
599456
591668
583035
573897
563673
554831
549659
544191
537148
529635
526225
523946
521808
519329
516758
513875
511189
507608
503998
500661
497901
496436
495150
493461
492043
490669
489350
488335
487563
486665
485264
483705
482074
480729
478655
475518
471813
468702
467109
465332
463528
462275
460722
458875
457173
455633
453630
450479
443131
428251
414811
411214
408331
403259
400346
396924
393885
391086
382654
377376
370957
365623
360111
355372
345003
332456
322938
316010
309708
305452
283542
268891
256649
248289
237123
224093
175984
77420
41189
2858
