599966
547052
531051
520666
512927
505008
494866
489940
486027
482695
479070
474645
469710
465867
462127
459016
455379
450288
444374
439897
436709
434192
431501
426531
423175
420886
418561
416675
414795
412810
411159
409615
408008
406412
404828
403326
401842
400370
379350
356831
352749
347534
344176
341608
337872
332373
328493
324057
319992
317142
312877
310079
306926
302439
296842
292726
288743
285316
282235
278831
273827
269586
264893
260894
257431
253672
249925
245385
241687
237341
233562
229794
225859
221069
216748
212615
208580
203057
197550
192267
186689
181137
175260
168542
159390
150998
140812
128421
117552
106653
95449
86050
75520
61159
47951
38545
30717
20437
10959
1327
