613401
501594
363206
345067
310595
298724
281716
266478
256573
247498
237273
230069
223629
219257
214244
209789
204983
200658
196805
193618
190707
188041
185267
182409
178885
175996
174490
172789
170459
167992
166889
166161
165398
164484
163659
162695
161686
160444
159239
158122
157196
156730
156322
155788
155324
154904
154492
154188
153916
153598
153091
152650
152167
151787
151175
150200
149060
148134
147622
146959
146371
145979
145512
144966
144451
144013
143419
142489
140148
135391
131372
130130
129179
127525
126682
125646
124815
124027
121760
120115
118208
116731
115127
113698
110750
106656
103954
101653
99205
97899
91826
87031
83530
80780
77610
73810
57476
27742
15722
1246
