763297
665785
630501
606713
578852
533496
496595
462474
439356
431054
425357
411095
392799
373416
364189
355659
346115
337673
328876
321985
313318
307764
304097
300887
297288
293855
289515
285108
276788
271531
268965
266214
262858
260039
257211
253589
248692
243477
239922
236367
231697
228111
225523
222534
219702
217419
214476
210605
207357
204331
201311
197878
189791
186854
180409
178589
177364
176113
174878
173105
171504
169733
167597
164978
159077
156601
153269
152049
150930
149686
148225
146885
145601
143877
141608
139735
138152
136579
134857
132940
130364
127832
125281
123104
120762
118643
115838
110165
107589
104507
100537
96313
92881
89510
85437
81577
76226
66811
57650
22072
