380453
378948
371263
369121
368898
364448
359664
354468
353610
353357
352218
351564
351018
350774
350598
333828
332212
331816
330658
329332
329180
327017
325462
323150
321889
263700
262345
260544
253028
251036
249077
247379
246158
245001
244484
244008
218012
216542
200728
198169
186010
184461
182955
181379
180012
179289
177853
177200
175940
175204
174623
172284
169414
165820
162695
158541
152006
147323
144806
142724
141406
139745
138288
136824
135122
134148
132670
131075
129428
128412
127397
124797
123581
121298
119896
118034
116633
114399
112743
110269
108801
106507
103714
99546
97482
93968
91745
89770
87612
84844
82678
75133
72582
68674
65560
63239
60149
54016
47694
31161
