395646
393619
382309
381456
381309
376088
369627
361047
360234
360032
359290
358970
358667
358513
358375
335905
334923
334376
333176
332717
332612
331568
329495
325721
325024
257809
256258
253826
246987
246091
245198
244280
243454
242276
241937
241585
216194
215529
199817
197260
185348
183631
182139
180528
179512
178861
177775
177211
175060
174418
173962
172186
169620
168012
164943
162074
155641
153209
150440
147782
146531
144371
142366
140035
138100
137070
135386
133310
131890
131020
130004
127986
127071
124942
123586
121746
120423
118378
116944
114055
112681
110333
107609
102752
100476
96353
93970
91499
88792
86094
83604
74183
70438
67367
63575
60593
57810
52799
46766
30677
