1309405
1169341
1115204
1079321
1036340
964140
899223
825254
779666
762929
754081
737719
715487
689479
673813
657446
640069
626600
614118
604059
590539
581978
575409
569149
560480
553677
545167
535769
513746
501884
497798
493623
488646
483869
479161
473084
464313
451843
445570
439237
430098
423885
418980
412856
407802
403627
399319
394313
389011
383134
377881
371334
354170
348033
330834
327942
325600
323270
321262
318749
316200
313284
309891
305537
295930
292012
285088
283047
281096
278930
276237
273872
271427
268155
264438
261303
258243
255178
251840
248401
244026
239498
234097
228853
223598
219325
212999
198395
193344
186704
178426
170446
164487
158277
151221
144978
135928
121828
104236
35282
