764777
664238
628442
604950
577814
532686
492845
455694
427892
418166
413169
403040
389390
372300
363018
354261
343891
334188
324914
318224
309967
304822
300956
297648
293564
290266
286621
282666
275028
269946
267516
265037
262300
259713
257096
253756
249761
245227
242211
239002
234906
231860
229311
226298
223661
221375
218788
215933
213169
210182
207336
204232
196693
193886
187191
185514
184141
182921
181762
180248
178585
176809
174674
172219
167050
164771
161544
160190
158953
157618
155925
154390
152859
150556
147704
145400
143257
141376
139390
137180
134314
131400
127898
124399
121163
118494
115167
108502
105320
101440
96172
91159
87333
83555
79283
75406
69769
61224
51861
18667
