667698
505005
415959
395517
356571
343297
325182
311099
297955
283734
270981
266380
261775
258576
254784
250605
245640
242072
238783
236181
233029
230096
226110
221976
217729
215000
213474
211098
207868
205063
204171
203476
202803
202007
201082
200013
199060
197812
196445
195049
194009
193571
193163
192698
192265
191735
191238
190970
190742
190369
189813
189222
188545
187955
186919
185171
182943
181260
180538
179580
178738
178094
177283
176315
175414
174609
173495
171542
166460
155782
147121
145280
143894
141229
139893
138297
136864
135483
130667
128536
125963
123475
121462
119567
115916
112578
109628
107779
105308
103686
91647
86851
81929
79029
75083
69369
52507
19240
10669
1042
