1699138
1513331
1443182
1396033
1341155
1251202
1168120
1080778
1019348
997003
985664
965118
937794
904939
885138
864073
840506
821074
804256
791138
774224
763145
754023
745323
732547
723443
713013
701414
674243
659139
653427
647504
640490
634084
627935
620200
609090
590847
583010
574593
563319
555840
549533
541862
535413
530259
524554
518404
511694
504270
497315
489391
465733
457302
429637
425746
422737
419698
417011
413739
410168
406181
401547
395933
383039
377087
365041
362518
360008
357178
353701
350829
347873
343790
338734
334420
330178
326313
322102
317855
312483
306637
300062
293687
287202
281968
274196
254691
248319
240700
231065
221394
214278
206524
197898
190242
179087
162576
141647
46509
