358937
357386
348760
348188
348054
344688
340327
334264
333731
333575
333013
332807
332648
332571
332493
309243
308498
308000
307097
306775
306705
306053
304522
301614
301150
229177
228007
226151
219038
218480
217869
217171
216367
215437
215220
214987
187430
186917
169939
167290
153465
151827
150547
149262
148362
147826
146867
146425
144684
144208
143879
142518
140315
139100
136221
133759
126900
124728
121740
119188
117928
116003
114174
112002
110414
109536
107878
105769
104467
103756
102800
101102
100323
98353
97144
95480
94309
92403
91187
88647
87445
85555
83241
78903
76952
73271
71359
69053
66818
64704
62433
53392
50217
48124
44953
42657
40624
37306
32782
21256
