693534
555198
474093
449877
409971
394479
373535
351827
339719
328872
316678
306516
296057
290213
283388
277623
271488
266548
261367
257574
253609
250007
246417
242693
238961
235538
233229
230672
227902
224922
223533
222663
221760
220789
219799
218664
217626
216159
214568
213332
212269
211618
211108
210472
209920
209361
208873
208441
208094
207695
207112
206470
205747
205188
204387
203039
201695
200634
200024
199454
198804
198306
197706
197023
196370
195813
194998
193789
191453
187133
182787
181460
180461
178826
177786
176536
175478
174403
171696
169734
167484
165410
163155
161307
157203
151553
147673
144449
141577
139539
130553
122848
117563
114015
108866
103404
82085
40907
22311
2453
