859534
637686
477228
454759
399537
386674
368999
349817
331846
310260
298180
295742
292378
290478
286443
282188
277310
274583
271051
268993
264750
260672
253922
248406
243874
241909
239791
235767
230823
228456
227926
227452
226981
226322
225622
224811
224169
223051
220869
218830
217881
217539
217252
216916
216473
215953
215496
215286
215116
214822
214236
213524
212665
211893
210054
206443
202167
200073
198661
197103
196069
195250
193963
192379
191199
189917
187965
184188
172868
148044
135195
132968
130759
127336
125818
123742
121688
119509
113951
111786
108509
104309
102089
99247
94059
91300
87807
86111
83477
81860
61544
57684
52938
50457
47570
40383
29213
8290
4594
491
