1455146
1291031
1229202
1188083
1139407
1057573
988130
911623
863741
845991
836023
815514
788539
759471
742274
724356
704852
689569
675517
663870
648798
639360
631932
624806
615353
607810
598746
588993
566911
554457
549933
545135
539355
533774
528392
521470
511667
497368
490745
483740
474064
467470
462108
455479
450164
445515
440311
434414
428332
421896
416077
408850
390113
383115
363742
360335
357672
355010
352585
349636
346563
343136
339202
334282
323288
318449
309885
307608
305400
302869
299795
297264
294479
290492
285878
282018
278419
275000
271283
267340
262162
256652
250217
244210
238458
233897
227357
212092
206599
199673
190891
182208
175823
169264
161735
155061
145341
130605
112589
38154
