370886
324170
307845
296975
284040
262684
245354
228614
217827
213967
211009
202789
192252
182148
177603
173474
168863
164751
160528
157015
152179
149420
147693
146107
144347
142618
140331
138091
133751
131076
129905
128514
126991
125751
124365
122352
119843
117324
115616
113840
111500
109725
108445
106906
105420
104257
102639
100408
98838
97334
95964
94298
90577
89180
85987
85165
84529
83923
83305
82454
81663
80766
79772
78527
75886
74748
73092
72485
71915
71291
70538
69895
69203
68262
67003
66049
65193
64333
63472
62516
61244
59959
58556
57302
56023
54950
53434
50569
49193
47542
45414
43257
41508
39880
37972
36175
33685
29556
25064
9324
