800178
730360
709265
695507
684949
674427
661560
654971
649448
644446
639146
632820
625780
620075
614523
609508
604090
596837
588303
582359
578118
574603
570716
564416
559996
556857
553699
550982
548376
545769
543440
541326
538988
536714
534495
532349
530152
527989
504925
480866
475875
469362
464985
461687
457248
450987
446451
440889
435796
432069
426728
422999
419131
413285
405977
400533
395329
390783
386503
381979
375521
369859
363714
358422
353985
349115
343993
337956
333091
327391
322264
317131
311867
305463
299776
294048
288521
281131
273784
266617
258957
251388
243542
233963
221351
209313
195080
174383
158114
142965
126940
113975
99328
79879
61106
48428
38609
25529
13370
1584
