500269
388922
285114
271819
239750
230818
218563
209282
201303
192729
184582
181516
178647
176601
173821
171072
168002
165761
163592
161926
159640
157680
155059
152430
149621
147983
146998
145404
143318
141623
141099
140619
140214
139669
139032
138333
137710
136869
135976
135118
134460
134138
133868
133519
133200
132892
132573
132401
132232
131968
131556
131124
130673
130299
129669
128548
127234
126217
125744
125163
124595
124193
123692
123064
122449
121890
121208
119982
117317
111444
106659
105622
104705
103128
102254
101164
100127
99151
96378
94941
93035
91038
89622
88242
85212
83017
81096
79832
78230
77097
67774
64217
60603
58617
55721
51525
38433
13359
7363
676
