1703258
1518559
1447363
1400428
1345120
1253839
1174247
1086612
1030482
1009353
997626
975237
945915
913246
893452
872139
849814
832391
815846
802142
783105
771002
761990
753037
741114
731606
719399
706640
676471
659960
654246
648384
641068
634288
627943
619912
607753
587913
579576
571099
559413
551717
545597
537646
531372
526097
520332
513897
506758
499247
492297
483899
459937
451636
425954
422038
419038
415936
413089
409570
405917
402108
397472
391590
378175
372304
360622
357939
355345
352423
348808
345853
342752
338612
333803
329741
325658
321909
317571
313062
307335
301130
294068
287620
281185
275802
268157
249707
243423
235507
225925
216468
209242
201640
192968
185283
174534
157963
137137
45441
