1054144
959214
931863
914203
899888
886145
869205
860919
854612
849283
843611
835763
827010
820693
814594
809509
803279
794095
783361
775980
770996
766883
762410
753976
748398
744916
741167
738048
735163
732359
729853
727422
724845
722357
719926
717572
715239
712967
671770
626700
619311
609254
602573
598014
591357
580672
573616
565013
557325
552181
544064
538673
533389
524173
513394
505419
498005
491744
485999
479665
470042
461794
452586
445221
439109
432304
425303
416785
409949
401791
394806
387610
380357
371704
364217
356904
349747
340050
330474
321277
312086
302523
292746
281559
268090
254227
237338
217545
199458
180591
159973
144160
126224
102384
80387
65245
52489
34725
19526
2323
