693639
620496
600517
588794
577633
570367
563638
559648
556953
554521
551892
545597
539990
535796
531879
528804
524634
517105
508253
503411
500419
498150
495797
489097
485830
484375
482480
480968
479848
478770
477850
477060
476270
475471
474700
473949
473323
472684
430100
382272
377579
370597
364379
361822
358093
349134
344701
338385
332421
328954
323628
320457
317654
309407
301664
295062
289544
285658
281792
277871
271132
264880
257808
253072
249252
244739
240478
235276
231051
225921
221127
216571
211437
206540
201602
197203
193045
187581
182723
177632
172587
167799
162271
156744
150470
144580
136720
127669
119345
109896
98038
89947
81726
66245
50958
41214
31880
19990
13154
1559
