588017
532869
516059
505452
497219
490033
482068
477234
473381
469816
466005
460949
455722
451193
446685
442981
438670
432643
426005
421265
418009
415381
412587
407480
404380
402231
399949
397911
396160
394476
393002
391588
390113
388740
387418
386095
384815
383517
360781
335953
332169
327344
323794
321477
318173
312384
308517
304251
300368
297592
293319
290386
287554
282727
277341
273195
269279
265894
262718
259490
254685
250530
245843
242065
238957
235594
232130
228004
224555
220530
216789
213228
209428
205374
201430
197704
194008
189202
184494
179880
175004
170052
164943
158669
149978
142677
133648
119347
109025
99848
88956
80808
71867
58341
43631
34196
26925
17588
10354
1223
