335476
264287
197315
187311
167419
160803
151907
144936
139787
134271
128517
125637
123108
121337
119058
117030
114635
112794
110944
109586
107944
106581
105043
103363
101653
100388
99639
98603
97223
95959
95513
95139
94743
94347
93891
93363
92764
92128
91498
90941
90500
90293
90065
89809
89616
89398
89191
89037
88919
88735
88485
88165
87873
87616
87196
86563
85811
85220
84965
84633
84285
84045
83738
83381
83052
82735
82324
81652
80113
76597
73789
73122
72532
71557
70951
70296
69726
69159
67509
66614
65504
64314
63467
62646
60908
59441
58113
57250
56159
55418
49541
46940
44556
43162
41153
38316
28381
11734
6792
770
