735431
669324
649441
636474
626853
617262
605308
599135
594320
590039
585375
579726
573540
568681
563978
559736
555083
548560
541319
535869
531986
528933
525499
520084
515924
513190
510242
507820
505538
503291
501282
499371
497295
495293
493349
491543
489632
487810
465460
440785
435758
429300
424919
421781
417156
410570
406133
400558
395437
391761
386431
382719
379045
373313
366264
361139
356084
351889
347848
343568
337332
332087
326337
321364
317199
312637
307964
302280
297760
292513
287805
282974
277973
272113
266862
261845
256920
250204
243503
237047
230155
223305
216008
207385
195663
184932
172296
155617
141764
128409
114339
102794
90181
72923
56620
45316
36327
24071
12812
1512
