154014
153248
148940
148399
148325
145641
143113
139745
139353
139229
138821
138555
138380
138279
138205
127953
127523
127309
126868
126606
126562
125975
125163
123966
123592
99046
98421
97548
95415
94894
94360
93861
93399
92973
92776
92580
85051
84598
79858
79074
75577
74948
74487
73902
73443
73167
72726
72488
71792
71511
71237
70545
69411
68511
67314
66209
63752
61988
60915
59907
59410
58641
57978
57070
56444
56023
55288
54370
53690
53363
52977
52308
51872
51203
50730
50057
49609
48865
48334
47449
46932
46173
45122
43244
42409
40766
39897
38988
38090
37066
36133
32442
30929
29527
28251
27087
25999
23742
21201
14529
