338612
292981
276294
265114
252174
230319
215922
201633
193061
189644
187039
180985
173168
165550
161362
157329
153054
149487
145998
143070
138922
136534
134864
133340
131475
129643
127214
124871
119704
117074
116019
114861
113392
112160
110882
109043
106758
104151
102500
100945
98743
97345
96260
94918
93696
92613
91344
89821
88419
87037
85742
84350
81005
79771
77021
76213
75591
74991
74271
73341
72497
71652
70780
69706
67727
66639
65308
64747
64136
63482
62604
61827
61002
59920
58530
57450
56550
55694
54628
53467
51860
50179
48374
46698
45219
44007
42514
39916
38390
36655
34276
32029
30329
28781
27041
25467
23283
20186
16727
5960
