811897
740744
717821
702904
691838
681693
670451
663452
657176
651326
645075
637479
629900
622942
616058
610057
603646
595384
586350
579736
574665
570408
566169
559561
554877
551327
547693
544599
541657
538722
536128
533660
531175
528836
526474
524085
521755
519454
496318
471481
466715
460684
455947
452536
448144
441770
437129
431698
426726
422791
417286
413149
409158
402888
396086
390568
385268
380623
376137
371614
365476
359955
353958
349037
344802
339989
335268
329809
325087
319909
315140
310165
305009
299347
293948
288519
282977
276354
269580
262793
255604
248412
240886
230686
212167
200790
187307
165215
149882
136289
121590
109659
96809
77691
57083
44259
34866
22737
12176
1369
