1313128
1040407
936685
891250
826248
793681
753034
713660
690752
669313
641971
618966
596188
583252
569803
558099
544692
533210
522548
513943
506314
499705
493450
486753
478279
469971
465105
460906
455216
448869
445292
443212
441075
438683
436322
433744
431133
427940
425136
422534
420113
418598
417423
415829
414458
413272
412089
411137
410396
409516
408272
406967
405675
404550
403197
401402
399186
397156
396229
395157
393887
393027
392076
390966
389760
388861
387610
385803
382208
375917
368488
365929
363881
360770
358683
356333
354411
352632
347229
343406
338802
335406
330884
327157
319212
306969
298321
291439
286067
282218
268699
256185
246456
238787
229280
218588
171519
86063
45162
2590
