1656586
1476109
1406904
1360836
1306837
1216414
1137344
1051756
995467
974841
963980
943523
916414
885088
865588
844735
822530
805160
789095
775796
758422
747225
738602
730158
718294
709435
698343
686323
657336
641584
636286
630584
623906
617579
611493
603889
592513
573882
565979
557797
546458
539139
533051
525399
519390
514559
509226
503259
496666
489487
482648
474669
451709
443436
417479
413652
410795
407861
405193
401956
398578
394945
390550
385084
372678
366948
355920
353270
350714
347792
344251
341276
338176
333980
329041
324844
320745
317013
312717
308197
302749
296557
289736
283300
276817
271606
264048
245134
239073
231405
221912
212308
205193
197755
189253
181751
170895
154809
134221
43802
