810479
716392
680435
656234
627454
578547
538823
495511
469139
460100
454747
443671
428890
413188
404359
394901
384485
376058
367793
360776
351791
346349
342367
338473
333653
329707
325231
320348
309721
303092
300582
297767
294584
291771
288850
285190
280188
272491
269067
265532
260867
257682
254988
251490
248561
246228
243474
240513
237469
234257
231042
227352
217025
213374
202492
200794
199420
198059
196626
194991
193290
191393
189303
186619
181197
178574
174217
172757
171488
170026
168175
166611
164955
162575
159682
157324
155119
153097
150695
148306
145169
141771
137976
134335
130890
128031
124149
115328
112051
108039
102786
97633
93970
90155
85948
82208
76957
69191
59209
19561
