1528323
1360876
1296878
1254053
1203046
1117465
1038131
950937
892872
873270
863696
845928
821306
791570
774014
755144
734581
718025
703078
691376
677024
667434
659897
652639
642916
635438
627371
617695
595781
583021
578322
573384
567951
562593
557459
550925
541611
528049
521274
514071
503840
497026
491625
484890
479225
474624
469483
463933
458085
451480
445399
437985
418174
410895
390046
386694
384040
381237
378897
376131
373057
369553
365463
360468
348730
343794
335017
332714
330547
328034
324855
322179
319452
315571
310913
307044
303275
299857
295962
292021
287158
281827
275621
269363
263345
258341
251147
233684
227697
220419
210978
201973
195226
188094
180035
172826
162342
146505
126353
42840
