501171
369694
310489
295570
266632
257474
244087
233232
222528
211202
202183
199480
196767
194806
192318
189432
185874
183351
181160
179443
177002
174776
171403
168121
164993
163132
161946
159983
157369
155410
154913
154441
154006
153428
152776
152042
151458
150630
149469
148267
147466
147148
146899
146548
146242
145893
145588
145422
145264
145024
144588
144090
143540
143065
142141
140432
138480
137060
136282
135430
134726
134169
133386
132506
131735
130935
129843
127921
122972
112761
104982
103456
102166
100009
98888
97438
96139
94811
90660
88860
86531
84311
82554
80876
77792
75206
72818
71484
69591
68372
57660
54255
50473
48338
45551
41002
31794
9089
5136
556
