514439
391002
308976
294889
263450
254518
241435
230355
220264
209526
200642
198064
195289
193567
190919
188177
184758
182432
180312
178638
176075
173866
170529
167253
164214
162331
161133
159166
156597
154680
154256
153736
153343
152794
152171
151444
150928
150122
149038
147806
147029
146728
146465
146174
145877
145538
145211
145045
144880
144628
144190
143676
143099
142582
141621
139944
138022
136639
135890
134945
134211
133685
132908
132011
131203
130419
129293
127441
122531
112559
105075
103505
102266
99985
98828
97304
96033
94686
90370
88578
86151
83774
82148
80500
77248
74724
72283
70875
68924
67667
56835
53250
49097
47091
44144
39637
30868
7991
4341
407
