758565
692779
673605
661001
651499
641281
627811
621393
616386
611822
607152
601548
594955
589921
584895
580599
575804
569399
561922
556552
552663
549438
545948
540026
535939
533121
530111
527560
525139
522748
520515
518483
516294
514160
512094
510010
507890
505877
480368
453409
448133
441162
436656
433368
428650
421585
416385
410418
405203
401461
395735
391750
387800
382029
375022
369721
364480
359978
355844
351355
344906
339375
333315
328182
323987
319291
314476
308540
303551
298003
293057
288085
283128
276978
271641
266305
261111
254122
247118
240511
233514
226678
219363
210752
200001
189052
175958
159584
145400
131638
117031
105145
91368
73784
57309
46152
37204
24681
12875
1599
