830184
624492
490777
467911
416254
402397
382638
363137
345001
326063
311891
308475
304376
301808
297467
292877
287572
284176
280370
277974
273608
269528
263169
257299
252363
249687
247634
243711
239057
236049
235381
234705
234128
233360
232493
231437
230668
229339
227086
225002
223881
223466
223128
222705
222255
221688
221226
220994
220803
220438
219804
219102
218275
217428
215579
212074
208259
205911
204436
202908
201825
200964
199641
198126
196909
195706
193783
190375
180315
159413
145396
142930
140886
137012
135230
132923
130895
128941
122453
120081
116892
113242
110955
108439
103974
100644
97041
95099
92280
90456
72419
68080
62582
59790
56250
49396
37328
10528
6042
630
