1389618
1238920
1181334
1142590
1096759
1021771
951274
875937
823664
805053
796333
780545
758891
732261
716133
699167
680486
664920
651380
641142
628013
619223
611973
605013
595329
588549
580504
571577
551066
538689
534397
529736
524666
519617
514678
508677
499890
486358
480055
473244
463797
457376
452169
445999
440871
436725
432128
427036
421408
415283
409433
402668
382901
376049
354760
351570
349179
346659
344523
341979
339202
336052
332313
327697
316529
311861
303040
300903
298873
296509
293708
291367
288929
285435
281499
278165
274887
271837
268548
265101
260845
256165
250570
245332
240146
235882
229517
213770
208531
202179
194399
186565
180533
174318
167042
160802
151578
137478
119702
39433
