641579
521767
387646
366002
329188
316598
298780
281889
271681
262717
251836
243270
235416
230137
223282
217532
211780
206500
201082
196793
193026
189722
186410
183090
179560
176421
174465
172252
169923
167347
166071
165210
164350
163348
162422
161318
160105
158629
157104
155950
154994
154488
154085
153499
152977
152536
152186
151850
151584
151249
150786
150300
149770
149344
148629
147569
146587
145693
145169
144610
144094
143775
143294
142779
142332
141933
141368
140449
138178
134332
131031
130006
129180
127897
127158
126367
125656
124904
123279
121869
120293
119097
116626
115336
112180
106400
103491
100465
97608
96005
91109
86226
82780
79870
76730
72840
57167
33718
19995
2179
