264439
234077
227301
223508
220367
217815
215115
213616
212773
212169
211521
209395
207895
206948
206048
205359
204348
202195
198961
197735
197014
196507
195868
191766
190576
190256
189593
189167
188912
188644
188464
188308
188134
187954
187798
187653
187518
187373
157933
126102
123850
120899
118297
117272
115837
110139
107263
104589
102203
100956
98462
97022
95785
92043
89637
86833
84886
83589
82230
80711
78013
75123
72515
70720
69270
67728
66224
64422
62929
60860
59097
57080
55245
53372
51288
49672
48082
46078
44649
43164
41774
40467
38808
37266
35880
34303
32110
29855
27951
25726
22488
20406
18472
14601
10554
8506
6255
3605
2285
266
