323906
261965
149680
141739
124003
119093
113487
108057
102967
96928
93133
91853
90427
89363
87698
86115
84509
83292
81952
81065
79861
78620
76965
75512
74144
73561
72990
71914
70639
69946
69661
69450
69223
68984
68672
68296
67935
67515
66888
66346
66095
65979
65855
65728
65573
65411
65267
65188
65100
64990
64824
64625
64423
64222
63801
63036
62050
61661
61320
60939
60700
60536
60230
59839
59588
59333
58883
58096
55686
49873
47805
47363
46843
46229
45929
45573
45102
44518
43562
42973
41993
40948
40347
39487
38091
37321
36559
36018
35323
34782
29970
28375
26986
26103
24806
22735
15536
7166
4320
542
