677499
617200
599818
588143
579209
570250
559930
554587
550289
546117
541815
536709
530906
526238
521423
517288
512658
506863
499893
494863
491267
488359
485124
479461
475673
473065
470398
468050
465906
463665
461673
459746
457697
455730
453761
451857
449938
448002
429667
410541
406657
401560
397892
395247
391522
386917
383411
378878
374633
371603
367337
364113
360950
356049
349915
345378
341000
337196
333552
329787
324429
319668
314504
310158
306310
302232
298001
292874
288772
283932
279658
275432
270877
265427
260656
255958
251107
244961
238610
232420
225906
219234
212326
203757
191903
181566
169225
151909
137943
124957
110927
99381
86368
69650
53083
41684
33452
22249
11741
1338
