1691386
1343363
1223749
1159173
1076776
1032347
980581
933223
904156
874413
837609
806321
778356
761078
743908
728220
711136
695837
681562
669862
659990
651770
643436
634697
623775
613332
607140
601554
593998
585470
580716
578013
575362
572387
569279
566048
562517
558208
554509
551172
548145
546370
544953
543034
541336
539764
538243
536976
536034
534798
533225
531462
529748
528333
526669
524431
521689
519169
517916
516524
514961
513980
512801
511366
509838
508720
507262
505013
500498
492246
483447
480487
478016
474238
471834
469137
466781
464506
458715
454330
449003
444479
438306
433369
422920
405496
394536
385843
379019
373491
354496
337690
325242
315299
302835
287288
222375
118948
62824
4465
