1089224
865067
764170
730487
676821
652294
617853
587724
567877
550251
529344
513258
495356
485804
475336
466454
455494
446384
438795
432622
426613
421320
416161
410155
403101
396373
392608
389218
384618
379437
376903
375090
373595
371747
369855
367731
365910
363549
361241
358825
356785
355519
354549
353208
352086
351092
350197
349419
348845
348204
347166
346122
345014
344130
342802
341054
338891
336814
335835
334686
333433
332523
331517
330351
329165
328121
326927
325040
320854
312727
304468
301832
299628
296150
293909
291304
289208
287110
280944
276834
272158
268624
264480
260844
253037
242734
234935
229049
224378
221068
208077
197424
188346
181889
173365
164557
132667
55637
28628
1747
