1051314
825497
724745
679225
623849
597586
566481
538268
519578
500291
477904
462655
450195
440841
429845
419662
409253
399711
389864
382061
375781
370026
364254
358398
352159
346965
343593
340088
335573
330501
328076
326584
324835
322995
321235
319228
316815
314039
311681
309834
308236
307404
306670
305660
304773
303949
303191
302544
301991
301337
300423
299434
298405
297523
296249
294336
292171
290450
289525
288503
287586
286944
286112
285064
284130
283349
282186
280406
276102
268245
261285
259365
257913
255442
254082
252465
251070
249407
245807
243248
240113
237145
231022
228170
222050
211845
207047
202187
197018
193962
181967
172504
165501
160274
153994
145425
109437
61029
36057
3293
