655214
587658
570488
560502
550012
543220
537060
533357
531083
528936
526715
520684
515711
511982
508441
505801
501858
494495
486077
481720
479098
477107
474981
468155
465140
463936
462237
460924
460045
459245
458496
457874
457243
456647
456071
455529
455064
454600
406835
355762
351077
344105
338033
335689
332212
322253
317759
311507
305652
302454
297188
294161
291565
282857
275321
268539
263401
259817
256258
252559
245779
239204
232075
227588
224044
219875
215863
210922
207031
201985
197162
192889
188102
183642
179044
175146
171293
166162
161799
157044
152434
148004
143019
138035
133229
128125
121046
113130
105594
97387
86675
79567
72337
58731
44307
35746
27342
16341
10828
1333
