311401
269589
254767
244729
232910
213144
199348
186281
177876
174812
172366
166305
158688
150877
147091
143434
139658
136427
133008
130288
126621
124489
123065
121790
120214
118682
116671
114644
110215
107807
106843
105846
104654
103547
102311
100720
98689
96462
95043
93614
91569
90115
88973
87687
86576
85524
84239
82715
81355
80043
78851
77519
74428
73355
71113
70384
69770
69238
68610
67793
67108
66337
65473
64372
62218
61310
60175
59602
59104
58479
57798
57120
56384
55419
54268
53347
52543
51711
50869
49830
48502
47096
45534
44110
42815
41808
40485
38153
36881
35342
33364
31387
29932
28567
27034
25590
23557
20506
17178
6257
