626707
547563
518335
499127
476439
439590
410225
381994
363740
357103
352317
339875
324053
307853
300060
292900
284992
278214
271072
265473
258366
253872
251033
248379
245439
242547
238766
235200
227984
223301
221355
219111
216447
214119
211836
208561
204429
200302
197318
194398
190304
187176
184962
182450
180110
178138
175674
172408
169748
167084
164539
161649
154971
152541
147297
145797
144669
143682
142636
141137
139768
138298
136552
134407
129540
127653
125016
123972
123067
121975
120853
119805
118768
117351
115435
113972
112646
111392
109974
108474
106411
104436
102289
100434
98542
96942
94489
89851
87703
85316
82091
78693
75953
73262
69915
66923
62438
54732
47095
17721
