468816
414117
392832
378890
362564
333982
308646
284854
266067
259561
256421
251155
244541
235783
230231
224827
218550
212911
207132
202964
196980
193626
191207
188999
186108
183852
181264
178692
173417
170000
168476
166944
165222
163519
161874
159964
157514
154302
152294
150306
147571
145663
144075
142112
140490
139030
137579
135996
134282
132437
130774
128765
123940
122188
117960
116909
116049
115203
114431
113575
112672
111612
110376
108991
106123
104919
103051
102262
101445
100597
99593
98616
97637
96351
94918
93591
92265
91083
89631
88268
86392
84563
82134
79679
77569
75764
73552
69166
66961
64289
60662
57226
54641
52181
49205
46677
42978
37535
31386
10929
