490460
426153
402348
386759
368146
336427
313854
291735
278217
273245
269836
262253
252271
241332
235252
229626
223183
217951
212718
208525
203039
199913
197588
195377
192815
190312
186833
183419
176117
172264
170758
169176
167313
165502
163647
161272
158175
154554
152173
149870
146498
144189
142462
140363
138501
137026
135402
133284
131302
129251
127355
125290
120358
118716
115051
113966
113055
112186
111260
110057
108932
107722
106358
104576
101340
99803
97962
97043
96168
95247
94106
93002
91810
90261
88380
86814
85472
84167
82728
81075
78985
76747
74194
71778
69587
67776
65525
61604
59472
56850
53445
50074
47720
45524
42898
40606
37228
32108
26644
9424
