272866
271522
264532
263293
263131
259228
255409
250355
249704
249488
248719
248260
247907
247639
247501
234363
233462
233085
232254
231535
231460
230150
229050
227124
226393
187688
186747
185224
180823
179400
177878
176805
175761
174994
174618
174235
160079
158968
150399
148950
143082
141982
141074
139944
139092
138579
137742
137252
136171
135727
135342
133783
131785
129645
127423
125050
120666
117758
115841
114111
113165
111792
110490
109083
107821
107055
105816
104487
103305
102596
101832
100331
99504
98061
97027
95686
94718
93122
91935
90029
88942
87209
85137
81476
79809
76803
75061
73327
71513
69294
67492
60627
58146
55083
52479
50496
48105
43569
38754
25039
