677218
618214
601109
589658
580666
571715
560973
555606
551293
547301
543021
537929
532214
527614
522937
518911
514528
508749
501906
496832
493153
490226
486991
481410
477706
475020
472318
470044
467847
465583
463502
461499
459474
457481
455571
453583
451599
449620
431169
411938
407787
402429
398590
395873
392270
387434
383941
379255
375013
371842
367434
364212
360945
356109
349791
345238
340854
337081
333395
329551
324020
319242
313918
309485
305700
301526
297230
292063
287773
282826
278368
274090
269643
263967
259192
254454
249708
243370
236848
230584
224100
217491
210467
202183
191097
180370
167889
151004
136900
123769
109889
98364
85070
68417
52499
41567
33246
22013
11196
1294
