699176
639032
620224
607943
598565
589890
579828
573727
568543
563784
558580
552392
546001
540136
534225
529249
523879
517204
509760
504333
500086
496565
492962
487390
483406
480355
477325
474698
472199
469786
467598
465527
463385
461327
459393
457291
455264
453283
433427
412766
408550
403108
399114
396150
392261
386880
382749
377913
373417
369927
365206
361746
358148
352746
346635
341936
337484
333545
329769
325773
320336
315512
310311
306079
302370
298484
294197
289318
285000
280362
275940
271479
266943
261817
256962
252060
247136
241012
234816
228754
222224
215585
208837
199513
182635
172351
160581
142415
129091
116988
104301
93951
82514
65915
49315
38507
30529
20136
10798
1280
