527159
461811
436713
419657
399401
363558
339119
313244
297542
291677
287931
280675
271336
260670
254310
248195
241427
235883
230342
226076
220311
216748
214161
211554
208534
205687
201876
198176
190301
186439
184783
182999
180841
178922
176978
174421
171161
167567
164963
162461
158867
156592
154758
152520
150509
148761
146929
144865
142815
140674
138724
136481
131718
129891
126138
124890
123877
122906
121954
120711
119527
118207
116742
114985
112051
110556
108763
107732
106754
105687
104376
103097
101832
100136
98052
96406
94917
93467
91734
89941
87537
84905
81953
79051
76492
74547
71974
67665
65016
61770
57734
53819
51065
48444
45461
42763
38895
33247
27140
9807
