888622
767681
725153
697252
665109
613355
567004
527400
495580
484514
478515
465457
448666
427397
416505
406407
394354
382855
371761
363853
354484
348603
344265
340459
335760
332034
328074
324138
316639
311106
308272
305262
301876
298958
296085
292383
287825
282602
279086
275621
271261
267852
264886
261702
258613
256127
253057
249577
246433
243104
239948
236484
228100
224871
217041
215162
213660
212112
210704
208908
207022
204850
202267
199484
193774
191097
187445
186008
184647
183093
181120
179457
177742
175177
171699
168763
166123
163860
161438
159028
155695
152291
148424
144474
140532
137383
133533
125983
122269
117730
111564
105472
100744
96228
91021
86187
79539
69525
58886
20896
