2222203
1747730
1581497
1479702
1378047
1321686
1254731
1192745
1154569
1116279
1071290
1033312
1001218
976818
949222
924066
898815
874195
848685
828231
813988
801186
789228
777633
764042
750769
742648
735343
725958
715910
710392
706628
702492
697990
693892
689065
683339
676536
671389
667287
663654
661444
659570
657172
654935
653023
651323
649877
648674
647168
645151
643045
640903
639024
636676
633057
629274
626201
624431
622531
620643
619327
617706
615821
613967
612475
610261
606801
598477
583979
571644
567461
564228
559121
556227
552936
550138
546756
539671
533999
526733
521278
506823
500902
486289
456062
443304
430047
416429
409537
389170
370566
356052
343076
329907
312091
239576
139730
84202
6730
