72980
54744
39636
37953
33186
32203
30381
28685
27095
25577
24690
24397
24035
23851
23430
23048
22608
22332
22084
21914
21542
21167
20606
20147
19744
19503
19320
18985
18670
18475
18417
18365
18332
18268
18215
18135
18102
18011
17792
17607
17519
17493
17471
17430
17385
17354
17319
17298
17287
17258
17211
17162
17101
17048
16887
16565
16211
16063
15943
15819
15742
15692
15572
15446
15366
15271
15087
14791
13829
12074
11202
10998
10832
10575
10464
10294
10130
9906
9372
9134
8753
8468
8244
7990
7582
7236
6940
6782
6549
6400
5309
4981
4623
4418
4157
3759
3129
538
299
14
