660916
509675
381112
363528
320117
308757
293409
279715
268102
255157
245150
241924
238416
236075
232256
228696
224720
221849
218713
216572
213280
210216
205931
201989
198421
196451
194814
192203
188938
186950
186350
185779
185241
184565
183796
182874
181978
180886
179473
178177
177415
177094
176759
176397
176011
175585
175249
175033
174831
174505
173925
173326
172642
172032
170836
168759
166519
165133
164311
163408
162636
162053
161234
160224
159383
158459
157270
154986
148995
136152
128985
127466
125979
123756
122618
121143
119633
117895
114310
112353
109413
106316
104462
102244
97898
95471
92983
91447
89355
88032
73672
69774
65815
63578
60551
55300
39956
14787
8150
664
