39004
30366
25897
24655
22288
21465
20371
19118
18450
17777
17112
16549
16020
15698
15330
15015
14618
14340
14073
13847
13616
13406
13196
12978
12748
12537
12407
12266
12125
11965
11892
11851
11809
11745
11694
11631
11562
11477
11385
11313
11255
11234
11208
11173
11140
11110
11082
11062
11047
11029
10985
10942
10908
10883
10835
10757
10672
10613
10565
10532
10496
10473
10440
10400
10350
10320
10273
10196
10018
9768
9541
9480
9422
9340
9287
9230
9173
9116
8970
8872
8769
8642
8492
8381
8175
7836
7648
7450
7272
7148
6713
6369
6100
5901
5670
5427
4238
1940
1025
116
