653288
567692
536501
516016
492205
452833
419503
390472
367450
359341
354866
346138
335210
321023
312887
305259
296468
288366
280289
274654
267150
262701
259463
256550
252712
249608
245949
242426
234857
230015
227976
226001
223690
221472
219217
216525
212930
208498
205657
202865
198984
196112
193916
191346
189023
186995
184890
182320
179824
177266
174783
172102
165560
163394
158282
156853
155645
154491
153420
152073
150691
149152
147258
145209
141125
139293
136911
135744
134651
133453
132023
130651
129252
127335
124857
122795
120865
119139
117276
115273
112547
109858
106720
103422
100409
97976
94991
89328
86545
83053
78470
73971
70558
67347
63547
60029
55263
47736
39705
14124
