892809
721027
610845
581342
531834
512178
485000
456893
441157
426213
410681
396977
382761
375136
365961
358328
350154
343396
336542
331594
326371
321823
316956
312112
307235
302551
299373
296236
292383
288665
286763
285580
284405
283048
281747
280236
278724
276823
274645
272884
271443
270608
269968
269122
268388
267699
266991
266374
265930
265418
264634
263804
262955
262204
261142
259499
257680
256280
255445
254596
253754
253168
252442
251530
250713
250013
249016
247443
243985
237253
231323
229644
228261
226126
224766
223113
221713
220308
217107
214706
211732
209039
206174
203779
198450
190843
185535
180966
177242
174691
164195
155045
148267
143785
137282
130599
103729
52176
27934
2430
