857145
780171
756020
740736
728942
718281
706297
698980
692723
686971
680714
672913
665061
657900
650787
644661
638079
629420
619741
612946
607788
603574
599270
591915
587105
583573
580014
576963
574108
571320
568808
566479
564073
561730
559560
557364
555201
553028
525233
497025
491915
485361
480421
476963
472410
465487
460611
454776
449314
445253
439746
435676
431534
425132
417621
411797
406405
401673
397012
392173
385556
379678
373366
368096
363674
358709
353715
347876
342818
337028
331767
326484
320956
314811
308887
303066
297346
289986
282906
275728
267962
260197
252127
241783
223827
212037
197856
175257
159374
144834
129052
116799
103212
82783
60964
47560
37371
24449
13515
1531
