1084658
978360
946207
927767
912146
900510
888425
880833
875032
869824
864187
854460
845518
838304
831368
825502
818383
806999
793961
786355
781100
776942
772484
762183
757071
754042
750566
747690
745320
743003
741021
739173
737390
735625
733923
732266
730690
729159
669728
609249
601921
591330
583305
579162
573293
560262
553317
544230
535458
530282
522194
517063
512069
500043
489214
479780
471635
465378
459471
453030
442604
433135
422515
415033
409108
402392
395827
387781
381278
373110
365920
358812
351189
343348
335540
328430
321424
312529
304125
295568
287012
278647
269776
258928
242833
231148
216430
195622
180296
165352
146464
133484
120095
97749
72142
56869
43531
26106
15832
1669
