483172
369797
262955
250868
220082
213096
203339
193681
184665
173642
167191
165602
163627
162505
160317
158079
155479
153878
151938
150743
148598
146549
143224
140300
137852
136692
135637
133771
131320
129900
129583
129257
128983
128603
128149
127651
127258
126668
125639
124518
123939
123725
123551
123354
123116
122821
122574
122471
122356
122174
121830
121424
120951
120550
119703
118021
115953
114848
114210
113411
112813
112345
111719
110841
110111
109447
108521
106732
101986
90070
83755
82530
81291
79507
78532
77276
76063
74725
71624
70163
68056
65503
64152
62492
59094
57375
55329
54216
52695
51635
39046
36406
33231
31600
29643
25356
19113
5045
2855
302
