447844
392588
372486
358999
343078
316730
295860
274466
261652
257266
253715
244023
231455
219553
214092
209130
203539
198612
193594
189570
184513
181446
179441
177592
175512
173594
171033
168413
163122
159787
158365
156692
154923
153458
151815
149558
146505
143338
141294
139274
136587
134424
132815
130941
129277
127935
125973
123519
121584
119723
117952
115860
110817
109086
104974
104057
103320
102605
101852
100800
99856
98795
97590
96123
92748
91398
89530
88811
88182
87479
86556
85811
84996
83952
82491
81368
80373
79523
78490
77394
75876
74439
72828
71334
69837
68549
66623
62906
61339
59447
56989
54479
52470
50411
47975
45806
42691
37568
32034
11924
