201059
200165
195388
194740
194660
192243
189635
186406
186041
185909
185450
185222
185019
184923
184841
169456
168898
168636
168098
167667
167607
166831
166165
164966
164582
126848
126285
125276
121842
121191
120610
119990
119494
119033
118831
118628
106664
106170
98979
97890
92249
91403
90785
90121
89532
89193
88673
88373
87602
87318
87107
86276
84843
83750
82226
80772
77175
75727
74297
72978
72123
71098
70080
69064
68153
67573
66619
65446
64609
64137
63622
62638
62113
61091
60409
59415
58741
57535
56817
55486
54722
53580
52360
49855
48615
46532
45366
44193
42925
41328
40082
34789
32973
31073
29523
28273
26975
24396
21712
12742
