849626
775319
754851
741301
730638
719884
705829
699210
693961
689209
684191
677652
670267
664729
659278
654758
649460
642264
633657
627855
623737
620388
616633
609478
605163
602142
598934
596247
593891
591481
589338
587287
585056
582932
580882
578852
576894
574877
541501
509410
503479
494966
489867
486130
480726
472830
467270
460066
453329
448916
442304
437951
433589
425958
416963
410458
404303
399243
394572
389515
381421
374596
366947
361156
356478
351042
345418
338448
332878
326104
320217
314417
308431
301093
294857
288854
282869
274519
266148
258394
250552
242753
234562
223910
207864
195467
180978
164932
150883
135546
118794
107249
94111
75003
58005
46967
37464
24080
13893
1635
