592743
440056
359334
341842
305344
294122
278683
265818
253501
239892
228324
225200
221961
219787
216564
213149
209102
206292
203766
201752
199074
196517
192867
189093
185545
183231
181959
179863
176880
174495
173876
173223
172640
171981
171227
170436
169738
168778
167440
166088
165128
164735
164377
164000
163659
163246
162827
162614
162432
162125
161661
161144
160632
160162
159216
157484
155423
153748
152974
152004
151248
150695
149955
149062
148297
147576
146605
144802
140325
130761
122074
120320
119063
116449
115195
113553
112169
110982
106351
104638
102379
100163
98435
96866
94123
91465
88875
87369
85204
83845
72250
68398
63954
61449
58184
52403
38999
12243
6754
688
