430081
377347
357686
344289
328677
302367
282499
261258
248883
244237
241055
233701
224040
214297
209198
204104
198679
194403
189902
186333
181481
178551
176631
174707
172427
170326
167462
164694
158613
155002
153635
152205
150467
148831
147296
145077
142241
138774
136823
134885
132238
130354
128812
126969
125382
124064
122400
120533
118732
116952
115289
113280
108021
106303
102174
101175
100369
99630
98804
97747
96780
95780
94619
93277
90167
88791
86760
85984
85219
84423
83433
82599
81699
80484
78944
77713
76625
75635
74471
73183
71521
69776
67743
65843
64129
62721
60919
57344
55606
53553
50812
48101
46176
44236
42050
40056
37374
33023
28124
10060
