735455
560356
439342
419086
375340
362423
343224
326511
311020
295539
282453
278219
273995
271352
267221
262957
257778
254220
250980
248500
244789
241274
236283
231248
226801
223938
222072
218860
215145
212260
211510
210868
210291
209536
208661
207619
206963
205770
203747
201980
200842
200403
200059
199604
199161
198676
198243
198007
197803
197499
196938
196277
195546
194827
193339
190587
187778
185633
184415
183156
182074
181373
180260
178993
177912
176869
175294
172482
164536
149290
138073
135838
134127
130866
129310
127184
125373
123703
117661
115184
112040
109170
106962
104860
100914
97339
94072
92394
89862
88155
75139
70659
65670
63010
59215
53394
41938
12107
6796
595
