1243667
1070377
1010257
970514
925131
851267
790722
741446
704480
690497
681643
661798
636235
605310
589185
574578
557951
542668
527527
517385
504752
496711
490496
484880
477589
471705
464476
457826
443438
434374
430443
426358
421664
417243
412884
407192
399581
390436
384743
379124
371550
366124
361784
356925
352491
348836
344518
339373
334339
329349
324571
319368
306789
302331
291477
288620
286305
284128
281875
278985
276079
272920
269467
265296
257082
253139
247977
245782
243674
241422
238648
236283
233723
230261
225713
222000
218727
215635
212235
208792
204056
199272
194029
188968
184164
180043
174791
164735
159690
153469
145351
137264
131010
124931
117855
111252
102154
88559
74465
26209
