236519
236111
234006
233937
233917
233433
232580
231233
231140
231108
230975
230944
230913
230901
230883
204137
203829
203668
203386
203346
203321
203197
202737
201872
201784
117671
117300
116682
109993
109894
109757
109589
109352
108915
108853
108792
79253
79114
62862
61022
48741
47884
47281
46867
46610
46453
46149
46037
45462
45371
45285
44886
44145
43913
42805
41996
38356
37683
36091
34961
34368
33508
32697
31651
31053
30703
30005
29123
28665
28353
28023
27529
27353
26672
26338
25797
25364
24768
24383
23522
23193
22648
21975
20583
19923
18430
17881
17049
16391
15892
15160
11811
10607
10272
9366
8653
8211
7567
6541
4154
