1977582
1548599
1371715
1287070
1188241
1138847
1081147
1030821
996795
962150
920736
892910
869754
851737
831402
811891
792041
773520
754538
739405
727700
716937
706416
695569
683340
673061
667057
660665
651762
642185
637643
634678
631475
627860
624526
620416
615730
610296
605835
602130
598922
597235
595748
593734
592003
590494
588893
587686
586612
585329
583490
581530
579506
577802
575531
572032
568217
564947
563323
561433
559594
558317
556773
554897
552983
551391
549270
545737
537132
522491
508778
504993
502071
497231
494375
491176
488426
485384
477881
472826
466510
461368
451874
446626
435479
415693
406315
397181
386752
380943
358558
339780
325855
315424
303082
287443
221020
123911
73104
6461
