386632
384778
375085
374501
374357
370261
365590
358488
357907
357735
357101
356845
356629
356485
356384
333350
332507
331948
330938
330626
330557
329870
328287
324908
324397
252057
250711
248625
241218
240630
239991
239196
238339
237304
237036
236758
207944
207380
189328
186375
171450
169506
168152
166656
165674
165115
164123
163719
161779
161253
160901
159434
156943
155734
152484
149895
142050
139733
136293
133183
131548
129335
127083
124304
122531
121477
119534
117230
115788
114917
113872
112066
111273
109194
107796
105931
104587
102426
101142
98363
96977
94924
92389
87026
84850
80316
78024
75440
73003
70785
68172
57631
54027
51811
48414
45897
43878
40395
35567
23524
