646075
569883
541481
522520
500535
463190
428709
395110
368627
359508
355508
348668
339666
327361
319643
311971
303178
295115
287362
281784
274580
270123
266764
263622
259679
256833
253791
250191
242962
238186
236177
234074
231598
229241
227033
224484
221126
216586
213914
211177
207440
204858
202586
200015
197770
195904
193950
191801
189531
187022
184593
181867
174543
171964
164942
163513
162471
161339
160378
159182
157845
156358
154555
152487
147767
145809
142799
141795
140827
139721
138260
137031
135828
134061
132042
130171
128483
126912
125028
123251
120993
118636
115801
112986
110196
107931
105117
98725
95971
92616
88168
83879
80577
77270
73579
70207
65408
58164
49842
17336
