694047
605633
573217
551728
526730
485385
448599
416635
388864
379251
374555
365524
353991
339287
330919
323070
313833
304697
295519
289298
281055
276375
272697
269747
265901
262926
259707
256471
250537
246282
244104
241755
239178
236825
234596
231862
228454
224328
221569
218788
215104
212350
210005
207536
205240
203249
201105
198767
196376
193778
191247
188507
181401
178874
172609
171055
169925
168751
167661
166446
165106
163391
161456
159215
154710
152727
149959
148775
147656
146469
144990
143733
142452
140548
138056
135945
134047
132280
130447
128507
125970
123378
120137
116905
113825
111259
108255
102019
99120
95512
90619
85898
82120
78497
74336
70376
64873
56665
47917
16529
