2089828
1632756
1453390
1363991
1259802
1208552
1146978
1095069
1058934
1021476
977016
947901
924152
905355
883866
863687
842829
823070
803278
787408
775190
763982
752530
740951
727728
716614
710266
703220
693800
683544
678785
675630
672284
668324
664764
660270
655280
649432
644649
640490
637037
635295
633684
631572
629723
628046
626403
625099
624034
622613
620652
618667
616504
614741
612322
608649
604456
600752
598993
597024
595010
593700
591914
589816
587757
586070
583774
580120
571590
556674
541487
537159
533946
528578
525449
522128
519194
516321
508063
502594
496292
491007
482258
476793
465451
446611
436754
427048
415620
409758
385795
366058
351053
339941
326779
310396
237088
132211
79623
7046
