602947
451967
374038
355684
319786
308032
292411
278968
266540
252988
241694
238242
234611
232148
228863
225393
221171
218270
215475
213387
210514
207812
204016
200192
196604
194207
192759
190349
187255
184802
184167
183583
183096
182427
181649
180751
180016
179024
177709
176300
175374
174983
174674
174296
173906
173504
173083
172856
172669
172369
171905
171339
170717
170173
169111
167137
164942
163375
162485
161503
160718
160117
159301
158299
157419
156615
155433
153402
147903
136742
128180
126502
125060
122614
121339
119731
118262
116873
112388
110415
107760
105063
103189
101222
97763
94776
91983
90342
88114
86573
73937
69856
65281
62662
59187
53697
40706
13011
7092
767
