1014075
923696
896445
878899
865189
851675
835206
827013
820542
814836
808889
801396
792796
786463
780230
774950
768881
760058
749829
742401
737173
732964
728374
720256
714800
711083
707122
703884
700803
697699
695049
692441
689747
687066
684422
681921
679450
676953
641609
603461
596577
587641
581619
577323
570982
561475
554968
547448
540455
535663
528185
523245
518361
510222
500814
493880
487125
481355
475989
470309
461523
453993
445814
439000
433233
427020
420556
412589
406213
398842
392221
385555
378704
370541
363319
356214
349420
340206
330981
322133
313065
303666
294141
282984
269628
255644
238843
218861
200890
182388
162404
146388
127984
103582
81014
65495
52569
34654
18753
2241
