706293
529081
443173
421628
381096
367520
348603
332501
317659
302185
288859
284479
280245
277264
273257
268917
263697
259976
256686
254079
250548
247247
242452
237726
233337
230482
228658
225813
222304
219346
218566
217825
217248
216503
215646
214599
213771
212569
210889
209274
208067
207622
207242
206765
206324
205836
205368
205123
204911
204558
203974
203278
202526
201826
200457
198079
195455
193493
192413
191184
190143
189429
188397
187269
186235
185288
183820
181188
174124
160699
149782
147625
145922
142696
141126
139114
137318
135705
129985
127707
124603
121769
119501
117308
113324
109653
106323
104399
101695
99833
85900
80933
75562
72506
68529
62084
48089
15474
8665
923
