1000618
913354
887987
871068
858324
845177
828345
819878
813347
807573
801629
793875
785469
778944
772704
767097
760972
752365
742286
735113
730004
725781
721155
712883
707518
703730
699761
696529
693361
690266
687534
684820
682028
679296
676671
674042
671396
668801
632077
593773
586683
577431
571564
567217
561009
551230
544404
536680
529560
524448
516718
511333
506170
498320
488887
481844
474982
469059
463589
457818
449280
441918
433606
426881
421062
414958
408615
401080
394653
387339
380748
374304
367421
359288
352332
345477
338746
329621
320437
311787
302983
293845
284321
272941
257971
243595
226911
207237
189696
171549
152425
137481
120216
97011
75326
60764
48669
32124
17495
2123
