725145
650319
630074
617787
606525
598684
591262
586860
584000
581407
578724
572606
567146
562752
558796
555620
551459
544199
535302
530425
527404
525041
522518
514908
511450
509795
507694
506121
505001
503903
502963
502165
501244
500341
499613
498901
498277
497601
448618
394905
389643
382144
375948
373182
369145
358435
353437
347076
340719
337379
331301
327859
324767
316732
308980
302304
296562
292506
288415
284592
277810
271612
264591
259807
255868
251442
247123
241666
237414
232152
227395
222878
217857
212770
207801
203457
199285
193640
188622
183410
178346
173257
167465
161636
155665
149315
140752
130528
121662
112123
100098
91913
83289
67143
51836
41756
32235
20598
13544
1719
