170729
170020
165935
165472
165404
163002
160735
157980
157577
157470
157106
156891
156729
156637
156566
142375
141995
141794
141380
141145
141106
140551
139710
138600
138237
103092
102509
101711
98739
98108
97478
97059
96548
96095
95930
95747
85001
84507
77910
76905
72393
71819
71351
70820
70405
70140
69799
69540
68893
68624
68388
67763
66556
65739
64440
63344
60314
58718
57646
56632
55987
55196
54420
53631
53049
52648
51962
51027
50419
50108
49739
49193
48847
48223
47762
47187
46791
45972
45491
44672
44181
43474
42495
40757
40088
38574
37819
36964
36124
35214
34448
31181
29819
28478
27260
26195
25124
23102
20634
15230
