186008
185280
181571
181026
180963
179042
177144
174562
174248
174168
173811
173669
173515
173455
173396
156979
156489
156289
155885
155579
155543
154931
154370
153360
153049
112990
112519
111737
108522
108091
107673
107166
106818
106369
106184
106035
93831
93483
86215
85084
79652
78837
78221
77584
77002
76720
76221
75992
75342
75118
74946
74218
73044
72168
70697
69217
66030
64724
63412
62209
61475
60513
59655
58713
57958
57509
56679
55665
54984
54619
54154
53269
52839
51924
51269
50360
49762
48690
48014
46714
46053
45076
43938
41519
40544
38612
37575
36519
35334
34130
32958
28371
26892
25450
24029
23015
21845
19803
17484
10560
