1039958
832555
724524
688018
633537
609081
575898
543354
524029
505298
483978
468122
453204
444350
434250
425119
415257
406621
398763
392437
386544
381128
375416
369419
362674
356533
352953
349250
344695
339700
337408
335996
334570
332891
331198
329194
327318
324836
322374
320204
318320
317288
316530
315437
314543
313673
312776
312155
311626
310960
310025
309017
307971
307065
305736
303650
301445
299529
298492
297370
296215
295418
294488
293367
292314
291454
290262
288322
283831
275707
267383
264982
263306
260313
258554
256430
254765
253179
248177
245058
241270
238461
234864
232070
226064
216987
210966
206239
201665
198842
187449
177944
170322
164946
157993
150304
119336
57899
31204
2317
