954004
756043
663686
630055
579441
556523
526403
497543
480660
464729
445210
430387
415772
407537
398491
390408
381122
373185
366210
360453
355178
350653
346039
340904
334972
329343
326208
323155
319342
314825
312686
311341
310040
308501
306961
305188
303429
301249
299239
297381
295710
294683
293916
292832
291936
291091
290322
289679
289204
288619
287768
286875
285974
285184
284199
282760
281004
279399
278632
277782
276834
276180
275408
274518
273631
272919
271957
270536
267514
262082
255617
253661
252115
249747
248201
246407
244897
243499
239007
236052
232541
230090
226972
224411
218791
210303
204708
200134
195975
193469
183557
174167
167001
161690
154953
147975
117468
57111
30988
2341
