481336
419232
396287
380731
362842
331790
310061
288107
274826
269655
266229
259200
250199
240262
234428
228728
222226
217087
211727
207833
202545
199341
196971
194702
191880
189292
186014
182674
175205
171286
169782
168270
166421
164734
162931
160585
157547
153737
151421
149025
145561
143254
141499
139469
137733
136275
134578
132602
130633
128692
126865
124664
119590
117913
113883
112715
111778
110920
110083
108984
107812
106587
105254
103578
100434
99005
97233
96345
95467
94513
93335
92261
91165
89703
87875
86344
84877
83537
82038
80366
78142
75930
73466
70959
68785
66943
64764
60708
58638
56025
52606
49292
46918
44613
42114
39795
36458
31392
26085
9169
