427355
350981
231729
218214
186652
179485
168387
157943
151855
145845
139586
135772
131895
129221
124858
121768
118863
116144
112965
110854
108178
106063
103820
101586
99791
98449
97405
95906
94546
93392
92779
92366
91801
91363
90879
90304
89545
88666
87729
87164
86730
86500
86279
85989
85720
85499
85308
85142
84995
84823
84603
84346
84103
83801
83354
82623
81903
81401
81067
80773
80514
80312
80055
79729
79455
79222
78839
78254
77096
74702
72831
72320
71883
71270
70870
70425
70020
69140
68235
67456
66457
65195
62191
61257
58743
55295
53946
52522
51066
50135
46161
43824
41820
40304
38497
35489
23952
13137
7536
698
