1013548
794785
693086
650962
597428
573370
543729
516100
498262
480211
459592
445850
433987
425177
414880
405415
395575
386586
377172
369657
363444
357845
352031
346033
340066
334893
331787
328148
323620
318736
316594
315144
313564
311850
310217
308190
305889
303239
300763
298904
297282
296424
295689
294764
293975
293173
292393
291791
291314
290635
289705
288659
287599
286719
285319
283252
281166
279324
278328
277356
276409
275764
274915
273904
272919
272065
270771
268851
264133
256478
249040
247017
245496
242896
241363
239664
238219
236750
232826
230294
227244
224550
220294
217706
212072
202280
197595
192907
187648
184830
173043
163734
156873
151939
145829
138118
104902
58119
34839
3334
