447089
398514
386325
379926
373685
368661
363686
360867
358939
357088
355030
350606
346952
343903
341057
338691
335701
330563
323906
320802
318784
317292
315742
309457
307264
306268
305036
304084
303430
302702
302135
301650
301202
300709
300298
299849
299476
299125
262710
226945
224127
220107
216411
214948
212859
206651
203752
199972
196466
194592
191386
189591
187902
182706
178451
174423
171199
168870
166538
164354
160522
156858
152480
149759
147548
144955
142516
139648
137206
134389
131550
129015
126125
123456
120568
118046
115664
112649
109988
107185
104309
101478
98277
95061
91903
88506
83904
76978
70502
65197
58014
52790
48023
38839
27512
21126
15601
8834
5626
633
