147905
126908
113664
99672
95503
90170
86758
84210
81054
78026
76062
73632
71428
69538
67780
65559
63050
61305
59876
57863
56932
56079
54913
54276
53892
53318
52823
52376
51932
51556
51235
51075
50931
50860
50820
50760
50666
50574
50487
50413
50326
50210
50115
50012
49900
49800
49587
49420
49132
48966
48860
48704
48599
48493
48383
48240
48060
47820
47502
47191
46199
45654
45258
44173
43772
43523
43213
42869
42274
41635
40801
39864
38878
37815
36821
36239
35707
35172
34639
34062
33092
32084
30616
29262
27784
26050
24813
23436
22031
20532
18966
18031
16848
15582
14502
13663
12449
10257
6039
2759
