31990
27763
24854
22520
21628
20295
19474
18919
18138
17288
16712
16236
15747
15248
14833
14392
13828
13362
13074
12680
12486
12316
12093
11922
11844
11692
11561
11445
11344
11247
11167
11112
11063
11045
11024
10994
10973
10959
10946
10927
10901
10869
10847
10829
10812
10774
10713
10687
10632
10609
10587
10566
10547
10535
10509
10488
10456
10378
10332
10287
10097
10049
10001
9840
9793
9739
9676
9610
9504
9420
9313
9175
8991
8781
8596
8489
8370
8266
8161
8061
7903
7695
7433
7154
6846
6483
6215
5946
5632
5316
4951
4761
4522
4262
4030
3829
3579
3040
2027
1030
