140695
58759
54916
51238
48146
46192
44366
43240
42458
41704
40929
40186
39203
37674
36770
35971
34912
34145
33248
32621
32081
31641
31295
30970
30720
30430
30172
29970
29769
29570
29418
29170
28988
28811
28529
28379
28161
27862
27621
27380
27202
27086
26933
26759
26586
26417
26242
26024
25813
25584
25347
25106
24881
24560
24273
23979
23743
23506
23234
22971
22693
22429
22120
21788
21438
21119
20774
20447
20119
19881
19543
19220
18779
18499
18250
18017
17751
17473
17193
16932
16617
16307
15991
15638
15364
15104
14716
14161
13627
13205
12865
12422
11761
11209
10718
9913
9684
9300
8915
7922
