273520
116960
108930
101850
94892
91427
88143
86387
85245
84092
82954
81969
78960
75516
73545
71998
69728
68316
66327
65013
63767
62634
62067
61400
60952
60441
60053
59739
59419
59074
58822
58431
57921
57471
56938
56705
56344
55744
55322
54905
54513
54257
53835
53450
53055
52682
52302
51845
51309
50735
50130
49527
48939
48110
47398
46656
45961
45295
44614
43939
43241
42534
41753
41034
40119
39412
38481
37811
36942
36366
35434
34751
33616
32924
32304
31691
31105
30380
29643
28916
28073
27318
26525
25648
24972
24353
23537
22466
21379
20460
19635
18695
17369
16277
15373
14060
13334
12391
11409
9861
