173489
147183
141489
120974
117601
111215
104801
101355
97912
92892
89957
86634
83431
80786
79824
78485
77536
76594
76319
75696
75206
74497
73701
72818
71068
69856
68581
67218
66585
66026
65507
64644
64133
63332
62428
61252
60332
59594
58672
57882
56964
56454
55873
55259
54722
53980
53378
52918
52444
52019
51652
51180
50471
49789
49282
48616
47915
47473
46966
45378
44814
44198
43109
42579
41534
41388
41247
40607
40118
39835
39369
38748
38379
38031
37436
36791
36391
35807
35424
35194
34767
34462
34292
34061
33838
33556
33253
32904
32523
31837
30945
29777
29432
28974
27407
26157
24179
22119
19251
6570
