203136
89397
83942
78496
73698
70557
67900
66033
64783
63604
62285
61111
59344
57275
55999
54883
53442
52423
51165
50321
49521
48773
48336
47842
47426
46934
46530
46140
45749
45459
45198
44809
44518
44208
43797
43577
43231
42851
42430
42035
41783
41605
41363
41154
40905
40712
40494
40213
39943
39634
39330
39007
38671
38203
37749
37389
37029
36707
36326
35947
35563
35170
34762
34309
33834
33388
32856
32437
31968
31613
31126
30695
30091
29691
29337
28964
28602
28165
27731
27250
26829
26420
25980
25439
25026
24606
23934
23094
22239
21566
20972
20378
19245
18312
17378
15908
15558
14945
14261
12953
