113284
46762
43690
40797
38357
36831
35480
34501
33826
33283
32674
32141
31227
29971
29249
28584
27820
27285
26659
26180
25731
25354
25109
24881
24667
24458
24259
24080
23911
23779
23641
23495
23357
23208
23054
22964
22815
22628
22462
22309
22199
22122
21979
21861
21734
21597
21470
21320
21131
20918
20757
20590
20383
20116
19855
19673
19471
19285
19057
18814
18587
18390
18131
17899
17621
17344
17086
16828
16561
16358
16070
15807
15455
15242
15043
14822
14596
14368
14150
13904
13690
13449
13199
12908
12675
12457
12071
11526
11049
10683
10406
10100
9613
9209
8763
8104
7918
7622
7351
6595
