62369
54718
48076
43738
42041
39418
37853
36678
35224
33899
32882
31991
31144
30262
29528
28657
27581
26786
26234
25432
24977
24590
24133
23789
23609
23311
23071
22825
22616
22405
22257
22165
22093
22046
22018
21984
21942
21885
21851
21819
21772
21703
21673
21634
21584
21531
21425
21388
21321
21283
21260
21221
21187
21150
21110
21055
20995
20884
20771
20693
20336
20186
20075
19759
19628
19526
19441
19307
19095
18863
18591
18302
17975
17522
17133
16867
16633
16469
16254
16007
15626
15191
14609
14024
13424
12741
12244
11727
11157
10573
9880
9479
8889
8331
7846
7398
6791
5682
3619
1750
