237838
182978
162510
153554
147700
143389
138475
113957
106743
95438
91850
89347
86952
85332
83371
81164
78392
76301
74354
72467
70646
68740
66550
64478
62597
61039
59633
58298
56932
55628
54286
53220
52185
51265
50424
49598
48738
48059
47364
46664
46020
45370
44644
43852
43091
42359
41668
41051
40431
39833
39272
38675
38097
37578
36979
36422
35755
35037
34394
33773
33172
32663
32166
31649
31174
30752
30358
29983
29568
29128
28723
28153
27675
27179
26582
26117
25506
24958
24414
23795
23083
22402
21662
20950
20129
19248
18507
17921
17379
16852
16330
15701
14919
14228
13433
12108
10281
7908
5308
2293
