75113
34927
32819
30637
28586
27462
26537
25940
25490
25093
24665
24352
23463
22488
21955
21522
20897
20478
19927
19586
19255
18986
18836
18635
18499
18340
18201
18071
17966
17848
17760
17625
17455
17332
17195
17104
16976
16815
16703
16592
16499
16428
16335
16248
16139
16041
15937
15820
15659
15520
15381
15241
15093
14906
14722
14540
14387
14221
14018
13849
13700
13519
13327
13143
12945
12733
12486
12296
12065
11876
11611
11410
11115
10916
10727
10543
10375
10177
9994
9779
9554
9371
9178
8905
8686
8488
8246
7888
7513
7171
6933
6675
6257
5914
5581
5102
4869
4600
4270
3801
