173437
169702
157792
132196
119565
114216
109983
106779
102872
99323
96815
94739
92703
90541
88134
86616
85420
83487
81141
79839
78525
76635
75158
74141
72565
71934
71418
70867
70301
69785
69249
68243
67159
65749
64745
63881
63224
62574
61975
61330
60594
59997
59336
58673
57972
57295
56512
55845
55234
54582
53927
53328
52728
52327
51879
51454
51121
50828
50522
50180
49779
49372
49000
48620
48228
47756
47344
46858
46370
45896
45466
45039
44640
44230
43887
43610
43283
42827
42514
42234
41742
41261
40519
39990
39417
38990
38358
37607
36950
35989
34921
34107
33212
31942
30619
29030
25835
21504
14892
9897
