82047
79574
73787
64972
61443
58690
56453
54927
53315
51820
50650
49836
49121
48272
47394
46819
46271
45383
44475
43926
43453
42947
42454
42055
41715
41421
41118
40845
40536
40225
39909
39544
39141
38717
38332
37940
37508
37098
36701
36408
36026
35675
35310
35001
34661
34265
33879
33608
33378
33112
32844
32608
32392
32191
31975
31803
31622
31418
31205
31023
30824
30603
30370
30158
29907
29630
29325
29007
28755
28491
28242
27985
27733
27557
27367
27202
27041
26853
26691
26507
26295
26070
25835
25539
25191
24864
24494
24053
23480
22705
21840
21040
20185
19359
18038
16638
15196
13629
9444
5559
