142985
138031
128997
113572
108274
103555
99553
97063
94022
91372
89322
87924
86753
85211
83425
82439
81544
79952
78357
77350
76478
75608
74792
74141
73505
73009
72457
71960
71471
70945
70331
69709
68997
68256
67576
66765
65861
65043
64295
63645
63035
62510
61926
61429
60892
60313
59741
59233
58822
58388
57896
57481
57098
56721
56385
56005
55642
55219
54811
54437
54093
53668
53210
52797
52325
51770
51164
50529
49954
49467
49011
48525
48054
47738
47398
47103
46820
46530
46185
45822
45404
44974
44477
43828
43187
42481
41664
40897
39874
38527
36835
35191
33472
31466
28575
25769
22839
20042
14278
8250
