218385
98558
91764
86080
79758
76713
73924
72372
71355
70333
69287
68424
65817
63152
61621
60282
58435
57296
55670
54654
53625
52667
52222
51713
51322
50962
50635
50331
50062
49747
49525
49156
48697
48342
47985
47749
47410
46951
46606
46242
45963
45730
45401
45107
44785
44477
44173
43820
43400
42952
42485
42020
41518
40823
40247
39627
39068
38559
37958
37434
36849
36270
35681
35088
34377
33751
33070
32528
31845
31333
30540
29958
29132
28565
28014
27471
26967
26407
25753
25066
24387
23765
23168
22506
21970
21396
20710
19888
19003
18123
17452
16660
15552
14631
13817
12585
11959
11143
10256
9067
