216081
106319
99832
93647
86491
83128
80400
78666
77573
76496
75431
74542
71238
68547
66787
65451
63388
62055
60350
59275
58145
57310
56825
56255
55874
55473
55096
54821
54483
54170
53899
53559
53023
52704
52343
52097
51729
51214
50713
50326
49996
49751
49363
49056
48696
48359
48006
47556
47054
46551
46038
45529
45039
44361
43672
43019
42497
41992
41396
40817
40261
39619
39018
38398
37693
37046
36237
35633
34933
34339
33531
32889
31975
31350
30727
30181
29637
28979
28282
27454
26699
25966
25394
24682
24110
23532
22819
21885
20893
19973
19145
18257
16955
15922
15011
13682
12895
11940
10913
9542
