32208
28281
25168
22666
21754
20301
19527
18799
17882
17152
16614
16119
15681
15241
14871
14452
13873
13455
13160
12768
12569
12383
12155
11991
11862
11709
11605
11517
11388
11297
11194
11144
11083
11054
11042
11022
11011
10986
10966
10944
10909
10850
10836
10811
10789
10763
10713
10684
10633
10618
10608
10586
10572
10558
10529
10499
10466
10390
10339
10287
10100
10044
9981
9862
9820
9751
9694
9623
9503
9403
9265
9120
8985
8752
8565
8445
8333
8238
8149
8038
7860
7681
7428
7175
6906
6566
6294
6051
5761
5431
5039
4813
4521
4263
4033
3819
3578
3017
1924
972
