149010
108803
96672
91415
87970
85444
82791
68646
64079
56908
54518
52886
51212
50021
48703
47468
45778
44598
43557
42476
41380
40246
38869
37605
36454
35466
34591
33745
32925
32084
31303
30596
30026
29475
28930
28391
27908
27439
27000
26579
26161
25735
25280
24800
24316
23888
23483
23067
22688
22345
21980
21629
21290
20944
20641
20335
19990
19633
19296
18957
18627
18361
18067
17829
17562
17308
17088
16849
16581
16369
16111
15777
15470
15209
14883
14585
14259
13934
13592
13239
12820
12421
11948
11513
11056
10543
10108
9755
9418
9056
8714
8271
7754
7300
6798
6056
5126
3941
2673
1181
