95788
50244
47251
44149
41133
39460
38093
37181
36518
35917
35264
34658
33392
32412
31643
31042
30193
29620
28881
28432
27968
27614
27405
27164
26972
26753
26582
26418
26228
26031
25899
25721
25501
25364
25193
25043
24868
24628
24437
24257
24142
24043
23882
23754
23625
23507
23350
23179
22979
22784
22604
22382
22197
21921
21663
21433
21230
21041
20802
20584
20344
20109
19859
19617
19336
19085
18762
18501
18202
17959
17637
17342
16939
16676
16430
16163
15923
15655
15386
15087
14779
14541
14266
13970
13716
13430
13068
12615
12155
11742
11405
11029
10448
9935
9454
8628
8347
7921
7388
6602
