48352
42257
37554
34027
32686
30743
29653
28658
27431
26422
25643
24890
24230
23504
22782
22017
21090
20485
20099
19611
19312
19054
18720
18452
18319
18144
17979
17856
17729
17622
17503
17455
17399
17374
17352
17326
17290
17256
17220
17182
17147
17098
17063
17021
16984
16928
16828
16775
16711
16663
16631
16594
16564
16546
16491
16443
16359
16261
16132
16014
15642
15470
15340
15105
14991
14859
14775
14635
14427
14206
13941
13700
13432
13109
12846
12645
12447
12264
12060
11836
11517
11171
10734
10297
9815
9313
8897
8480
7991
7489
6909
6549
6109
5680
5304
4999
4577
3777
2193
1044
