126477
108617
97289
87670
84216
79606
76462
74247
71372
68604
66763
64746
62892
61193
59535
57652
55445
53841
52628
51001
50251
49573
48626
48042
47668
47132
46674
46256
45841
45498
45240
45079
44978
44902
44857
44803
44695
44626
44552
44471
44401
44291
44219
44135
44050
43954
43758
43625
43389
43267
43185
43086
43029
42932
42820
42701
42532
42322
42058
41825
40956
40568
40279
39424
39082
38864
38626
38331
37819
37325
36607
35863
35102
34163
33270
32759
32252
31810
31350
30845
30093
29196
27889
26622
25311
23776
22638
21444
20208
18943
17549
16665
15533
14260
13306
12468
11319
9271
5240
2601
