169737
89233
84070
79012
72735
69835
67597
66324
65408
64471
63554
62803
59818
57642
56107
54999
53292
52102
50591
49697
48794
48118
47715
47284
46995
46666
46378
46136
45879
45615
45377
45106
44540
44327
44047
43804
43466
43095
42751
42455
42177
41981
41644
41427
41132
40881
40601
40181
39737
39313
38822
38347
37902
37321
36763
36234
35777
35325
34708
34208
33722
33189
32662
32178
31573
31058
30385
29852
29197
28704
28024
27432
26581
26044
25567
25119
24651
24038
23425
22803
22151
21616
21158
20574
20049
19483
18915
18172
17331
16599
15885
15110
13998
13073
12314
11201
10466
9679
8668
7544
