49347
39842
35902
33916
32867
32162
31144
25084
23403
20658
19900
19385
18872
18549
18138
17717
17130
16675
16293
15889
15510
15154
14675
14273
13888
13545
13272
13026
12784
12515
12230
12019
11807
11617
11437
11271
11088
10922
10754
10585
10427
10294
10131
9961
9777
9629
9476
9319
9165
9007
8863
8733
8610
8477
8330
8182
8046
7910
7777
7626
7482
7375
7248
7138
7002
6916
6816
6711
6616
6520
6426
6296
6190
6089
5982
5861
5731
5603
5488
5342
5183
4986
4819
4654
4436
4230
4052
3906
3778
3625
3497
3350
3188
3036
2866
2592
2194
1671
1131
497
