47657
41410
36501
32594
31199
29597
28515
27664
26709
25714
25056
24250
23508
22859
22175
21431
20614
20020
19464
18745
18392
18065
17654
17431
17309
17132
16949
16785
16654
16528
16406
16342
16280
16248
16230
16204
16169
16129
16101
16063
16029
15996
15958
15915
15870
15822
15764
15715
15636
15583
15541
15487
15456
15419
15395
15362
15321
15255
15172
15101
14871
14705
14580
14257
14108
14040
13944
13833
13658
13463
13240
12956
12650
12327
12050
11870
11685
11534
11358
11182
10906
10578
10179
9748
9303
8820
8470
8065
7602
7150
6653
6335
5863
5412
5089
4839
4418
3669
2273
1080
