61728
29077
27244
25548
23879
22809
21936
21344
20947
20574
20177
19858
19220
18542
18102
17769
17294
16969
16556
16286
16022
15791
15616
15459
15353
15194
15079
14969
14858
14745
14656
14546
14419
14313
14176
14105
13980
13836
13714
13599
13498
13433
13325
13250
13159
13076
12996
12897
12767
12652
12517
12404
12283
12129
11964
11828
11714
11596
11452
11324
11192
11069
10918
10781
10629
10457
10267
10108
9934
9800
9649
9495
9247
9104
8949
8810
8678
8532
8380
8244
8090
7962
7812
7636
7482
7325
7131
6820
6535
6283
6095
5883
5544
5262
4951
4545
4418
4213
3959
3496
