50109
24230
22808
21379
19970
19187
18483
17996
17680
17396
17084
16803
16316
15726
15367
15071
14689
14410
14014
13768
13515
13328
13231
13126
13025
12929
12834
12746
12652
12583
12507
12416
12320
12242
12170
12107
12010
11905
11832
11744
11682
11648
11574
11519
11441
11385
11328
11245
11140
11049
10942
10843
10742
10611
10474
10339
10232
10114
9966
9815
9690
9556
9435
9313
9167
9033
8856
8705
8528
8405
8235
8084
7856
7735
7629
7519
7405
7248
7118
6971
6829
6704
6578
6394
6290
6157
5988
5760
5537
5360
5220
5032
4748
4489
4267
3931
3779
3614
3409
3091
