72048
62757
55860
49256
46979
44631
42886
41685
40152
38573
37607
36315
35108
34247
33216
32069
30919
30077
29256
28230
27760
27309
26695
26320
26096
25813
25508
25254
25041
24832
24681
24586
24507
24478
24458
24423
24389
24352
24314
24275
24244
24185
24143
24092
24029
23971
23860
23783
23696
23622
23562
23459
23417
23375
23320
23265
23195
23111
22969
22852
22511
22246
22044
21516
21255
21145
20972
20792
20563
20229
19808
19411
18872
18390
17877
17590
17344
17105
16840
16546
16086
15510
14884
14284
13636
12944
12407
11797
11116
10502
9831
9379
8633
7880
7355
6859
6231
5111
2965
1408
