35483
30982
27409
25234
24259
22732
21874
21065
20021
19213
18608
18120
17622
17125
16704
16217
15489
15069
14796
14406
14150
13949
13730
13558
13448
13303
13156
13021
12913
12809
12724
12664
12615
12592
12577
12559
12536
12513
12492
12472
12459
12422
12388
12359
12338
12304
12245
12215
12171
12152
12134
12111
12099
12080
12054
12027
11972
11884
11828
11763
11537
11477
11425
11276
11227
11147
11093
11016
10895
10771
10602
10436
10249
9985
9776
9646
9511
9405
9300
9165
8961
8704
8363
8054
7719
7351
7050
6681
6336
5968
5538
5302
4976
4684
4473
4265
4000
3358
2206
1084
