154032
85998
80872
75334
69609
66820
64518
62902
61775
60794
59774
58771
56627
55015
53795
52720
51273
50163
48917
48180
47395
46864
46468
46040
45729
45378
45050
44747
44420
44100
43858
43459
43070
42827
42502
42283
41946
41445
41033
40715
40461
40286
39998
39793
39563
39351
39083
38785
38450
38138
37788
37401
37050
36596
36156
35759
35439
35106
34691
34304
33945
33543
33124
32717
32257
31824
31334
30891
30456
30053
29568
29055
28449
28014
27620
27236
26818
26309
25811
25319
24851
24466
24027
23501
23041
22597
22004
21282
20439
19783
19209
18513
17417
16590
15793
14561
14015
13158
11865
10449
