87133
42772
40144
37393
34934
33457
32158
31297
30708
30178
29571
29066
28070
27103
26475
26000
25352
24886
24361
23962
23620
23310
23116
22937
22771
22594
22423
22259
22096
21928
21813
21630
21426
21265
21076
20969
20781
20600
20436
20259
20147
20041
19919
19788
19658
19554
19410
19259
19102
18944
18771
18596
18439
18206
18011
17811
17649
17488
17291
17124
16947
16733
16545
16361
16106
15916
15681
15467
15247
15070
14819
14580
14295
14118
13933
13711
13539
13305
13066
12815
12583
12384
12143
11874
11630
11395
11092
10682
10269
9880
9580
9297
8840
8401
7959
7232
7034
6724
6391
5801
