225726
86792
79855
74473
69095
66123
63797
62284
61309
60329
59486
58767
56649
53772
52277
50981
49316
48233
46728
45712
44756
43926
43475
42962
42605
42236
41930
41662
41451
41259
41067
40829
40492
40196
39749
39549
39287
38919
38627
38331
38073
37904
37633
37362
37055
36822
36542
36251
35877
35452
35040
34571
34148
33572
33003
32461
31954
31505
30963
30412
29910
29372
28849
28331
27695
27153
26494
25963
25364
24928
24256
23778
23047
22580
22198
21794
21357
20885
20388
19854
19284
18793
18263
17657
17199
16771
16287
15588
14856
14242
13710
13059
12183
11427
10726
9786
9366
8848
8287
7296
