183775
108571
102996
95691
88720
85038
81981
79881
78408
76993
75370
74089
71074
69091
67449
66103
64346
63007
61672
60677
59709
59066
58676
58136
57749
57302
56838
56408
55983
55508
55171
54725
54087
53818
53322
52908
52472
51906
51218
50812
50584
50400
50071
49849
49574
49338
49029
48589
48262
47884
47480
47057
46663
46174
45740
45357
44977
44589
44040
43600
43190
42736
42287
41792
41268
40809
40223
39678
39112
38627
38064
37492
36814
36287
35818
35346
34840
34254
33676
33073
32367
31866
31394
30789
30248
29668
28866
27998
27070
26225
25435
24664
23242
22087
20999
19240
18557
17639
15835
13827
