85506
73922
70640
61885
59884
57127
54532
53115
51571
49551
48468
47122
46172
45080
44379
43561
42930
42305
41923
41454
41039
40135
39463
38792
37617
36702
36054
35347
34912
34532
34252
33774
33383
32964
32422
31815
31189
30724
30162
29672
29217
28880
28579
28192
27962
27639
27398
27185
27013
26693
26394
26121
25625
25053
24754
24487
24097
23841
23571
22829
22588
22241
21808
21476
21042
20937
20791
20483
20096
19849
19606
19409
19247
19060
18783
18525
18311
17957
17714
17598
17438
17316
17229
17136
17053
16901
16715
16462
16240
15922
15434
14892
14758
14481
13714
13144
12253
11207
9681
3246
