138532
134491
124785
109325
103616
98914
94729
92187
89473
87011
85063
83683
82549
81061
79459
78507
77655
76178
74661
73675
72863
71949
71195
70502
69923
69473
68950
68474
68020
67552
66995
66432
65802
65119
64506
63813
63066
62361
61722
61174
60594
60076
59571
59156
58670
58068
57479
57025
56617
56133
55660
55274
54924
54591
54231
53877
53562
53172
52761
52446
52167
51758
51366
50984
50574
50105
49610
49066
48519
48055
47604
47130
46691
46384
46038
45730
45477
45168
44878
44557
44189
43765
43339
42821
42210
41622
40923
40189
39244
37901
36461
35018
33572
32028
29724
27174
24665
21870
15189
8581
