84930
73349
70468
61584
59562
56951
54350
53023
51556
49361
48426
47218
46295
45338
44597
43882
43251
42570
42160
41697
41270
40304
39578
38881
37598
36548
35869
35114
34627
34202
33884
33429
33071
32664
32139
31503
30983
30516
29982
29491
29008
28677
28343
27960
27818
27558
27387
27211
27059
26789
26429
26170
25689
25088
24839
24523
24149
23964
23683
23227
22932
22539
22191
21892
21495
21345
21160
20788
20345
20099
19844
19587
19401
19218
18914
18572
18288
17871
17582
17449
17310
17211
17101
16983
16901
16745
16557
16270
16040
15739
15263
14790
14646
14303
13497
12827
11940
10895
9404
3438
