61514
53958
47772
44562
42581
39545
38090
36563
34654
33117
32054
31158
30225
29335
28654
27787
26646
25956
25468
24918
24530
24222
23847
23542
23356
23094
22864
22657
22470
22288
22139
22023
21904
21865
21837
21804
21764
21729
21692
21656
21613
21545
21520
21467
21432
21346
21246
21204
21136
21117
21095
21053
21016
20977
20915
20868
20770
20622
20519
20426
20067
19967
19875
19685
19597
19488
19399
19276
19049
18866
18562
18347
18069
17689
17368
17132
16916
16723
16541
16308
15990
15555
15081
14534
13887
13260
12730
12189
11609
10991
10235
9729
9168
8676
8213
7840
7331
6063
4081
2056
