75369
65134
58006
51219
49006
46135
44345
43065
41398
39835
38760
37539
36417
35337
34365
33185
31921
30996
30279
29256
28695
28252
27704
27372
27166
26887
26646
26397
26144
25954
25777
25653
25578
25531
25504
25468
25420
25359
25316
25273
25217
25135
25073
25012
24946
24893
24771
24673
24545
24482
24434
24371
24322
24269
24218
24134
24054
23931
23776
23654
23206
22969
22812
22364
22214
22084
21939
21763
21480
21215
20854
20483
20036
19530
19064
18813
18560
18341
18084
17793
17325
16828
16177
15552
14854
14066
13450
12825
12138
11400
10574
10090
9491
8835
8349
7904
7249
6154
4043
1767
