42257
37233
32957
30011
28756
26879
25826
24961
23777
22735
21951
21341
20708
20076
19558
19021
18274
17717
17306
16833
16540
16295
16022
15785
15620
15421
15242
15067
14902
14752
14602
14513
14421
14377
14360
14335
14299
14259
14231
14211
14174
14103
14081
14038
14020
13975
13919
13888
13833
13813
13802
13769
13754
13734
13707
13684
13647
13586
13535
13484
13265
13199
13150
13007
12950
12885
12823
12747
12613
12502
12324
12155
11944
11664
11459
11341
11225
11118
11017
10877
10653
10433
10118
9772
9382
8974
8624
8260
7864
7425
6970
6652
6309
6009
5768
5505
5171
4389
2912
1500
