271087
237201
226032
197868
191801
182860
174141
169624
164480
157721
154551
150566
146891
143599
141181
138698
136337
134293
132932
131456
129918
126762
124203
121888
118225
115244
113309
111328
109949
108622
107606
106083
104866
103637
101709
99534
97822
96384
94784
93361
91781
90733
89861
88790
88252
87394
86606
85783
85077
84008
82758
81821
80108
77959
77144
76185
75179
74598
73736
72484
71663
70443
69375
68440
67277
66716
65983
64749
63251
62291
61315
60352
59657
58791
57349
56038
54910
53461
52433
51924
51460
51101
50756
50387
50092
49608
49020
48206
47364
46314
44815
43417
42778
41502
38640
35952
32691
29518
25626
9713
