79304
69251
61288
55204
53062
49925
47910
46502
44723
42868
41568
40256
39015
37903
36872
35668
34261
33221
32454
31436
30907
30412
29808
29421
29185
28818
28504
28215
27884
27639
27436
27295
27176
27126
27099
27065
27011
26936
26885
26839
26769
26663
26619
26564
26520
26452
26326
26249
26147
26087
26050
25990
25950
25898
25833
25793
25725
25618
25464
25356
24909
24694
24543
24131
23972
23853
23736
23607
23359
23099
22759
22371
21913
21424
20965
20663
20375
20125
19891
19638
19231
18680
18025
17289
16578
15734
15155
14471
13779
13087
12228
11702
11014
10413
9892
9333
8662
7218
4612
2237
