117108
113809
105024
91412
85967
81937
78469
76503
74258
72095
70323
69071
67975
66712
65391
64639
63852
62589
61292
60501
59796
59017
58360
57795
57308
56968
56589
56246
55858
55470
55066
54565
53935
53261
52664
52163
51621
51084
50636
50159
49662
49183
48712
48269
47768
47202
46597
46079
45712
45279
44866
44556
44198
43933
43653
43342
43101
42858
42504
42161
41834
41464
41183
40870
40487
40056
39664
39219
38828
38414
38054
37681
37355
37076
36843
36568
36319
36042
35810
35521
35212
34912
34560
34090
33663
33260
32700
32122
31363
30306
29203
28186
27060
25886
24394
22604
20674
18349
12893
8106
