111722
61333
57798
53941
50204
48171
46572
45450
44695
43907
43043
42326
40698
39536
38598
37881
36881
36085
35337
34788
34251
33858
33568
33309
33067
32817
32574
32338
32102
31904
31732
31479
31153
30992
30801
30611
30385
30123
29893
29678
29506
29381
29173
29013
28865
28696
28508
28269
28037
27797
27573
27291
27047
26728
26425
26134
25875
25621
25329
25047
24789
24506
24259
23963
23665
23340
22967
22642
22267
21966
21616
21280
20794
20457
20179
19912
19618
19268
18921
18565
18163
17853
17573
17169
16851
16505
16070
15530
14993
14500
14051
13611
12882
12259
11638
10624
10264
9734
8980
8011
