82179
36618
34119
31862
29715
28525
27540
26856
26431
25997
25556
25177
24353
23383
22825
22394
21773
21372
20887
20517
20197
19876
19702
19502
19336
19200
19064
18939
18812
18692
18593
18478
18359
18252
18085
18014
17901
17745
17614
17499
17393
17313
17196
17085
16991
16889
16773
16661
16529
16381
16245
16072
15902
15715
15520
15354
15197
15037
14838
14672
14469
14266
14064
13847
13601
13384
13110
12904
12649
12493
12263
12057
11764
11562
11367
11168
10993
10796
10612
10397
10179
10002
9797
9567
9377
9188
8937
8551
8194
7852
7584
7328
6921
6551
6218
5690
5501
5243
4975
4416
