140204
135119
124659
109659
103432
98976
95154
92819
90186
87746
85657
84129
82715
81026
79494
78431
77494
76010
74570
73607
72685
71813
71070
70389
69767
69228
68715
68231
67738
67180
66625
66051
65345
64671
64050
63455
62748
62030
61327
60655
59923
59309
58634
58043
57446
56678
55779
55134
54669
54089
53522
53117
52741
52429
52135
51819
51593
51330
51030
50756
50508
50160
49848
49573
49252
48936
48628
48218
47846
47478
47071
46739
46414
46210
45942
45716
45494
45265
45028
44781
44528
44206
43909
43523
43103
42684
42164
41622
40756
39564
38407
37458
36433
35464
34134
32289
30241
27910
19935
13520
