102405
45410
42252
39425
36859
35390
34116
33316
32812
32284
31732
31262
30254
29063
28378
27829
27106
26610
25948
25501
25084
24688
24463
24222
24008
23813
23655
23526
23377
23263
23170
23033
22853
22736
22602
22503
22377
22187
22067
21914
21775
21678
21528
21397
21248
21106
20970
20797
20629
20445
20237
20053
19856
19590
19322
19092
18891
18692
18431
18221
18006
17783
17544
17304
17015
16724
16412
16160
15881
15649
15314
15034
14595
14379
14139
13906
13674
13383
13093
12822
12544
12296
12046
11766
11526
11282
10944
10462
10021
9645
9353
9005
8500
8066
7659
7042
6794
6423
6066
5407
