107357
104382
96174
83903
79270
75566
72309
70363
68341
66362
64777
63706
62830
61728
60528
59852
59208
58103
56903
56307
55699
54977
54347
53837
53354
53005
52643
52333
51990
51618
51177
50651
50053
49400
48905
48448
47973
47490
47122
46726
46262
45830
45348
44974
44577
44113
43641
43275
42946
42578
42230
41945
41669
41403
41166
40888
40666
40417
40120
39799
39510
39162
38830
38522
38165
37769
37415
36974
36558
36218
35868
35540
35248
34996
34722
34491
34250
33972
33724
33434
33149
32834
32414
31997
31605
31189
30664
30111
29384
28355
27263
26343
25239
24048
22438
20649
18749
16568
11610
6871
