301897
123449
114547
106810
99357
95690
92307
90537
89424
88323
87216
86213
83409
79736
77757
76051
73706
72229
70094
68643
67303
66030
65434
64682
64202
63661
63225
62845
62490
62146
61908
61565
61099
60661
60162
59934
59591
59092
58674
58234
57795
57489
57015
56626
56150
55673
55241
54752
54207
53573
52899
52271
51685
50804
50045
49281
48576
47900
47065
46248
45449
44670
43888
43151
42200
41348
40319
39531
38588
37940
36895
36149
34940
34260
33589
32964
32302
31585
30783
29922
29094
28295
27496
26627
25872
25198
24362
23243
22119
21038
20142
19074
17684
16517
15531
14133
13396
12434
11631
10271
