182800
83092
77527
72728
67512
64832
62635
61333
60487
59669
58875
58153
55858
53495
52098
51005
49449
48445
47104
46274
45445
44686
44306
43859
43583
43241
42935
42685
42432
42152
41961
41683
41276
40990
40659
40459
40194
39684
39318
39052
38744
38535
38236
37962
37683
37432
37155
36799
36425
36022
35636
35210
34792
34225
33747
33278
32826
32460
31947
31435
30934
30441
29945
29503
28961
28415
27814
27303
26751
26338
25702
25232
24452
23967
23502
23090
22681
22197
21700
21172
20615
20132
19635
19043
18588
18157
17594
16883
16122
15475
14904
14193
13263
12487
11740
10714
10172
9476
8739
7641
