97617
49100
46236
43092
40080
38456
36999
36095
35482
34838
34182
33646
32510
31454
30746
30115
29338
28776
28082
27641
27208
26876
26673
26455
26267
26060
25887
25700
25496
25331
25181
24974
24722
24565
24387
24223
24004
23820
23641
23457
23316
23209
23067
22937
22804
22659
22513
22354
22171
21964
21761
21560
21400
21105
20839
20603
20396
20184
19982
19778
19567
19318
19080
18847
18571
18299
17987
17713
17399
17149
16858
16594
16199
15964
15733
15486
15226
14944
14680
14367
14076
13809
13548
13249
12937
12624
12271
11834
11325
10958
10586
10238
9648
9154
8664
7977
7638
7220
6486
5791
