114610
110011
101676
89999
85468
81998
78964
77065
74981
73089
71493
70291
69201
67999
66756
65914
65142
64023
62919
62113
61477
60801
60190
59701
59221
58787
58309
57842
57389
56928
56423
55873
55357
54890
54441
53871
53211
52585
52096
51583
51123
50673
50219
49877
49485
48951
48464
48069
47707
47319
46959
46665
46369
46115
45879
45612
45384
45138
44886
44689
44477
44208
43923
43670
43324
42974
42623
42206
41808
41444
41131
40843
40560
40335
40106
39877
39679
39452
39198
38899
38555
38193
37836
37372
36879
36400
35816
35166
34311
33196
31949
30672
29436
28042
26099
23937
21666
19392
13658
8336
