102652
89263
79079
72027
69101
64937
62469
60541
57991
55843
54307
52670
51280
49758
48458
47028
45145
43909
42961
41719
41040
40455
39746
39215
38890
38448
38052
37731
37393
37081
36814
36658
36535
36475
36443
36384
36329
36261
36196
36138
36067
35975
35912
35804
35712
35625
35466
35361
35184
35105
35037
34957
34888
34826
34754
34662
34545
34352
34161
33978
33351
33078
32886
32384
32180
32016
31827
31602
31196
30811
30313
29790
29240
28496
27856
27447
27046
26729
26332
25943
25297
24542
23624
22681
21623
20455
19496
18547
17498
16404
15229
14561
13626
12677
11873
11197
10294
8541
5185
2519
