50367
44550
39193
36263
34849
32613
31371
30201
28617
27346
26313
25564
24763
23987
23327
22591
21724
21092
20635
20061
19670
19333
18978
18703
18512
18276
18050
17851
17623
17456
17300
17189
17018
16950
16925
16897
16850
16765
16729
16680
16598
16454
16424
16396
16363
16323
16261
16224
16170
16158
16142
16110
16096
16074
16048
16022
15972
15885
15837
15773
15495
15452
15396
15234
15167
15096
15044
14964
14809
14692
14509
14325
14150
13865
13604
13439
13294
13180
13049
12894
12688
12430
12096
11709
11308
10877
10539
10145
9684
9273
8757
8460
8100
7779
7541
7235
6838
5888
3859
1894
