106230
54952
51731
48323
44923
43094
41562
40555
39839
39123
38369
37760
36461
35284
34508
33881
33048
32435
31657
31211
30694
30313
30036
29795
29590
29366
29147
28960
28734
28505
28337
28115
27855
27710
27531
27364
27107
26919
26694
26475
26316
26205
26018
25877
25732
25598
25429
25210
25008
24796
24555
24331
24128
23783
23496
23199
22985
22755
22465
22209
21977
21710
21441
21199
20914
20624
20278
19970
19656
19419
19095
18762
18317
18030
17748
17500
17262
16935
16602
16265
15908
15593
15305
14946
14660
14349
13900
13398
12893
12443
12077
11688
11019
10466
9905
9033
8674
8144
7527
6723
