95575
74030
66112
62703
60610
58990
56903
46366
43410
38495
36982
35997
35138
34539
33803
33071
32039
31178
30373
29563
28780
27963
27088
26297
25560
24914
24411
23903
23424
22943
22520
22112
21719
21382
21044
20702
20370
20063
19759
19469
19187
18930
18658
18361
18049
17759
17524
17282
17030
16771
16524
16289
16066
15851
15625
15382
15056
14683
14386
14118
13815
13621
13393
13173
13006
12811
12655
12488
12308
12136
11960
11721
11511
11307
11049
10857
10628
10401
10176
9906
9605
9295
9031
8757
8439
8139
7893
7649
7455
7269
7039
6807
6488
6217
5865
5274
4484
3379
2306
949
