308230
144572
135216
126543
116938
112447
108378
106169
104704
103241
101784
100589
96741
93109
90860
89033
86332
84518
82168
80654
79215
77870
77151
76316
75754
75226
74731
74278
73844
73417
73059
72578
71881
71429
70911
70536
70011
69344
68749
68199
67766
67418
66904
66453
65997
65556
65141
64564
63882
63207
62457
61758
61024
60036
59202
58275
57492
56785
55845
54968
54185
53346
52480
51666
50726
49821
48750
47914
46857
46086
44944
44057
42712
41893
41103
40368
39632
38788
37797
36761
35775
34868
34037
33078
32297
31498
30432
29208
27850
26563
25470
24254
22547
21121
19919
18179
17113
15833
14364
12639
