144546
139244
128931
113475
108003
103483
99488
97052
94256
91682
89615
88223
86998
85443
83788
82881
81965
80451
78873
77918
77136
76277
75496
74813
74245
73723
73186
72668
72134
71579
70982
70339
69610
68798
68086
67292
66403
65658
64905
64281
63627
63017
62396
61905
61369
60800
60159
59607
59174
58698
58268
57864
57459
57108
56759
56405
56096
55700
55235
54865
54485
54037
53630
53216
52715
52143
51559
50976
50446
49930
49478
49020
48561
48221
47827
47506
47223
46882
46575
46191
45801
45376
44871
44324
43756
43142
42397
41613
40574
39190
37585
36024
34398
32627
30126
27479
24758
21858
15622
9352
