115637
111939
103359
90249
85311
81495
78242
76324
74162
72035
70405
69311
68390
67193
65992
65236
64588
63381
62057
61319
60632
59868
59259
58740
58288
57885
57480
57125
56731
56368
55941
55451
54886
54189
53607
53085
52539
52044
51562
51064
50499
50042
49486
49054
48599
48027
47494
47054
46663
46266
45861
45557
45270
44994
44704
44417
44142
43835
43511
43211
42948
42638
42320
42008
41621
41185
40769
40348
39922
39480
39103
38758
38378
38091
37829
37555
37340
37062
36796
36531
36260
35962
35542
35088
34620
34174
33600
32977
32113
31015
29871
28782
27622
26389
24584
22528
20323
17948
12659
7720
