109232
93229
89220
75968
73858
70410
66861
65178
63369
60912
59600
57978
56652
55386
54497
53479
52750
52033
51564
51053
50598
49420
48597
47758
46235
45000
44113
43174
42600
42079
41686
41092
40623
40166
39491
38831
38383
37828
37276
36752
36215
35816
35442
34945
34633
34258
33909
33623
33419
33052
32619
32297
31627
30900
30533
30204
29884
29664
29337
28758
28416
27860
27410
27010
26431
26281
26116
25716
25131
24840
24503
24158
23967
23743
23364
22998
22732
22252
21957
21785
21572
21417
21288
21142
21008
20810
20531
20142
19801
19389
18789
18112
17930
17550
16518
15689
14623
13316
11400
4068
