154261
149193
139096
121801
115545
110654
106404
103656
100502
97686
95583
93903
92523
90756
89041
87963
86927
85345
83651
82518
81545
80644
79793
79104
78484
77928
77338
76746
76240
75684
75046
74408
73730
72970
72222
71454
70512
69586
68859
68205
67545
66953
66305
65743
65204
64512
63771
63231
62742
62215
61668
61259
60829
60460
60104
59682
59339
58926
58541
58212
57885
57411
56980
56564
56123
55596
55026
54403
53831
53309
52792
52324
51819
51466
51061
50724
50447
50122
49773
49367
48948
48452
47901
47302
46644
46007
45221
44439
43360
41985
40316
38657
37007
35225
32514
29691
26794
23838
16665
9683
