33400
29007
26076
24432
23386
21891
21061
20235
19197
18325
17717
17203
16667
16151
15719
15221
14639
14244
13997
13709
13478
13289
13082
12904
12784
12660
12546
12433
12317
12216
12121
12049
11988
11959
11942
11917
11898
11862
11846
11817
11776
11688
11669
11639
11616
11566
11508
11484
11445
11424
11407
11387
11362
11350
11316
11288
11244
11150
11102
11030
10812
10756
10721
10607
10548
10478
10441
10359
10241
10129
9983
9844
9680
9463
9285
9137
9009
8911
8819
8707
8522
8302
8055
7748
7414
7011
6706
6436
6097
5764
5319
5076
4832
4596
4408
4201
3919
3317
2135
1101
