147314
112461
100777
95430
92377
90119
87182
70748
66010
58642
56261
54713
53289
52352
51214
50017
48377
47202
46033
44829
43700
42551
41061
39737
38572
37601
36720
35894
35080
34242
33467
32810
32229
31666
31152
30626
30157
29653
29239
28835
28425
28021
27584
27145
26682
26272
25876
25487
25086
24740
24335
23996
23628
23283
22954
22628
22261
21804
21389
21038
20636
20350
20029
19698
19380
19119
18879
18639
18421
18163
17871
17571
17239
16907
16526
16208
15828
15457
15108
14732
14336
13881
13388
12946
12448
11931
11463
11128
10779
10462
10127
9722
9224
8800
8297
7494
6377
4764
3272
1423
