96856
93684
86864
75970
72010
68839
66071
64408
62535
60830
59476
58478
57627
56589
55460
54781
54162
53183
52149
51529
50971
50390
49876
49439
49011
48679
48309
48011
47650
47334
46923
46503
46043
45549
45120
44669
44123
43658
43222
42844
42399
42009
41594
41237
40905
40504
40029
39653
39356
39001
38642
38388
38145
37904
37695
37466
37260
36998
36739
36532
36336
36075
35827
35623
35307
34958
34638
34248
33894
33565
33212
32889
32598
32376
32150
31957
31757
31529
31327
31100
30877
30610
30339
29978
29607
29217
28739
28228
27533
26639
25700
24777
23784
22735
21157
19497
17742
15860
11252
6790
