154913
64675
60489
56455
52842
50688
48722
47406
46454
45585
44722
43900
42807
41316
40423
39616
38572
37846
36983
36341
35772
35230
34863
34477
34160
33832
33540
33293
33031
32802
32624
32381
32188
32005
31748
31602
31379
31033
30761
30508
30344
30188
30023
29858
29678
29513
29345
29149
28954
28713
28492
28232
27987
27651
27313
27052
26778
26522
26230
25928
25610
25327
24967
24642
24244
23869
23408
23037
22660
22373
22011
21647
21217
20916
20669
20403
20126
19798
19462
19150
18834
18530
18168
17780
17451
17141
16689
15998
15313
14780
14380
13936
13193
12565
11934
10978
10745
10317
9863
8763
