46618
40980
36297
32766
31461
29566
28401
27520
26384
25289
24520
23784
23106
22500
21926
21301
20472
19886
19452
18850
18506
18241
17912
17653
17517
17317
17138
16981
16809
16656
16533
16456
16391
16366
16343
16320
16296
16255
16220
16190
16160
16124
16108
16074
16058
16023
15955
15912
15860
15826
15808
15764
15744
15721
15690
15657
15623
15557
15482
15420
15154
15050
14971
14739
14645
14585
14516
14424
14289
14120
13908
13663
13427
13120
12840
12658
12489
12358
12200
12018
11758
11458
10968
10603
10162
9660
9267
8807
8380
7918
7384
7070
6689
6287
5963
5666
5244
4372
2815
1359
