132320
126689
117174
103539
98092
94012
90620
88471
86058
83767
81883
80354
78994
77303
75755
74714
73770
72484
71135
70176
69362
68577
67844
67231
66710
66204
65654
65184
64715
64206
63621
63027
62383
61776
61184
60498
59771
59077
58411
57692
57050
56412
55690
55038
54475
53674
52739
52134
51668
51109
50530
50159
49743
49476
49216
48922
48676
48424
48168
47929
47713
47416
47161
46893
46579
46283
45966
45562
45175
44808
44460
44162
43859
43654
43410
43202
42996
42789
42557
42296
42014
41707
41367
40976
40582
40148
39646
39097
38250
37186
36077
35231
34275
33307
31847
30065
28219
25947
18921
13093
