148920
109765
97691
92307
88931
86416
83832
69092
64405
57514
55037
53348
51702
50596
49381
48080
46349
45251
44225
43119
42042
40843
39350
38078
36829
35795
34916
34080
33229
32376
31611
30889
30248
29643
29117
28626
28124
27642
27204
26762
26401
26016
25562
25093
24616
24160
23739
23370
23010
22638
22292
21935
21603
21284
20934
20611
20288
19919
19541
19193
18857
18536
18225
17918
17634
17360
17118
16896
16636
16388
16114
15805
15513
15173
14829
14510
14103
13790
13476
13095
12691
12292
11866
11417
10948
10462
10026
9661
9353
9037
8703
8267
7815
7367
6917
6254
5225
3961
2568
994
