46712
41330
37036
31901
30539
28829
27860
26846
25751
24790
24076
23312
22632
21971
21290
20457
19613
19078
18609
18110
17827
17578
17283
17038
16921
16782
16652
16530
16392
16268
16159
16099
16046
16014
16002
15980
15944
15898
15870
15840
15808
15754
15719
15671
15626
15579
15507
15457
15377
15336
15298
15244
15219
15180
15129
15082
15023
14931
14820
14712
14349
14176
14065
13786
13661
13586
13466
13333
13139
12946
12695
12433
12144
11819
11573
11386
11170
11013
10836
10619
10341
10040
9665
9266
8782
8287
7889
7478
7001
6561
6147
5842
5460
5065
4737
4484
4113
3426
2112
877
