46250
40217
36078
32267
30953
29061
27909
26987
25883
24764
24031
23343
22715
22061
21550
20961
20089
19507
19090
18551
18262
17998
17699
17475
17339
17135
16994
16826
16665
16516
16389
16304
16229
16189
16170
16144
16111
16084
16055
16025
15991
15952
15927
15895
15868
15830
15746
15712
15645
15610
15589
15553
15528
15498
15452
15397
15340
15252
15168
15095
14781
14692
14611
14380
14279
14194
14124
14045
13880
13715
13493
13265
13015
12695
12445
12248
12080
11935
11797
11628
11405
11101
10680
10229
9738
9212
8831
8413
7968
7509
6967
6662
6282
5901
5561
5288
4920
4133
2609
1285
