292771
112385
103644
96603
89871
86435
83310
81558
80365
79254
78168
77201
74839
71489
69623
67992
65715
64270
62192
60816
59587
58335
57775
57015
56551
56044
55684
55373
55057
54722
54453
54085
53708
53289
52816
52635
52370
51724
51230
50814
50459
50223
49867
49515
49117
48790
48429
48068
47605
47084
46557
45990
45420
44610
43902
43179
42510
41858
41234
40579
39901
39241
38484
37840
36995
36310
35468
34849
34063
33488
32591
31962
30937
30352
29799
29250
28714
28120
27485
26750
26021
25367
24668
23898
23287
22726
22046
21196
20228
19314
18616
17669
16430
15407
14501
13219
12654
11832
11054
9628
