46045
40526
35755
32428
31047
29058
27950
26889
25653
24551
23786
23153
22522
21890
21320
20711
19910
19330
18903
18368
18050
17786
17499
17308
17171
16984
16803
16636
16466
16321
16187
16115
16052
16019
16000
15972
15945
15915
15888
15855
15827
15797
15777
15742
15700
15665
15605
15572
15499
15477
15451
15425
15402
15376
15344
15315
15273
15202
15129
15070
14794
14692
14629
14447
14356
14287
14214
14126
13982
13829
13639
13423
13202
12901
12641
12450
12279
12159
11993
11837
11606
11326
10907
10521
10106
9621
9234
8826
8370
7932
7411
7076
6678
6328
6005
5694
5308
4408
2972
1419
