96535
92693
86077
76015
72436
69590
67092
65490
63723
62180
60851
59791
58932
57906
56868
56101
55488
54619
53725
53041
52497
51987
51472
51029
50603
50259
49847
49424
49069
48717
48288
47885
47494
47083
46649
46140
45539
45019
44515
44071
43648
43250
42826
42477
42188
41789
41410
41053
40782
40493
40183
39921
39654
39425
39217
38967
38737
38488
38289
38104
37930
37684
37446
37227
36965
36657
36313
35928
35561
35220
34958
34706
34455
34265
34065
33898
33727
33555
33332
33059
32752
32419
32062
31660
31226
30792
30224
29661
28900
27946
26801
25614
24500
23111
21224
19304
17202
15110
10771
6477
