59979
52902
46960
44137
42021
39130
37627
35950
33912
32325
31171
30337
29348
28384
27594
26730
25648
24976
24537
24025
23617
23293
22985
22696
22478
22206
21981
21782
21560
21393
21268
21174
21103
21070
21029
20981
20951
20909
20872
20844
20798
20739
20714
20663
20613
20545
20474
20440
20377
20344
20326
20271
20242
20214
20167
20119
20018
19892
19817
19711
19394
19307
19233
19076
18990
18872
18808
18706
18488
18309
18047
17847
17596
17213
16904
16701
16498
16338
16163
15959
15683
15308
14892
14420
13845
13252
12761
12256
11679
11167
10386
9902
9269
8778
8414
8061
7579
6240
4217
2210
