89977
77848
74589
64385
62576
59994
57375
56007
54421
52001
51041
49825
48625
47566
46701
45841
45055
44272
43813
43312
42786
41750
40933
40168
38801
37761
36999
36210
35733
35328
35028
34537
34146
33722
33136
32543
32108
31661
31198
30722
30235
29952
29627
29286
29100
28811
28596
28379
28188
27857
27537
27251
26711
26017
25724
25411
25022
24858
24587
24120
23842
23404
23001
22672
22226
22065
21872
21471
20991
20697
20418
20141
19955
19749
19342
19034
18774
18319
18053
17916
17760
17642
17535
17419
17313
17128
16923
16632
16331
15961
15451
14892
14706
14307
13402
12615
11638
10428
8957
3304
