218107
188211
179947
154776
149905
142499
134730
130716
126412
120146
116825
112967
109388
106252
104919
103358
101944
100684
100205
99286
98491
97195
95961
94587
91971
90194
88573
86862
86029
85164
84343
83328
82504
81488
80016
78356
77175
76025
74700
73586
72194
71404
70696
69868
69300
68423
67781
67241
66764
66103
65450
64825
63609
62409
61730
60919
60073
59602
58988
57571
56858
55992
54958
54270
53129
52870
52583
51640
50832
50378
49743
49020
48537
48061
47250
46278
45612
44635
43966
43559
43037
42656
42376
42072
41825
41458
41012
40455
39878
39067
37858
36484
36048
35347
33338
31604
28969
26468
22975
7953
