34044
30222
26416
24573
23496
21932
21064
20211
19167
18266
17675
17195
16655
16154
15731
15275
14696
14286
14012
13690
13473
13306
13101
12944
12830
12708
12595
12467
12359
12259
12184
12145
12107
12072
12059
12029
12010
11982
11967
11954
11934
11904
11884
11862
11845
11802
11742
11723
11685
11662
11651
11633
11613
11601
11573
11562
11524
11460
11415
11365
11206
11153
11105
10999
10957
10904
10865
10786
10682
10566
10418
10272
10114
9875
9685
9557
9456
9343
9227
9076
8892
8684
8416
8145
7846
7479
7192
6885
6574
6244
5813
5566
5206
4879
4660
4395
4060
3289
2228
1114
