201632
85368
79795
74386
69973
67100
64624
62871
61519
60281
59006
57909
56432
54218
52930
51775
50317
49213
47962
47091
46320
45665
45220
44698
44332
43880
43542
43193
42839
42543
42307
41946
41713
41468
41050
40880
40580
40074
39720
39416
39206
39048
38840
38651
38388
38168
37940
37684
37402
37071
36764
36445
36124
35663
35262
34859
34497
34195
33802
33392
32982
32582
32154
31746
31259
30799
30293
29863
29410
29019
28537
28092
27507
27076
26718
26360
25989
25580
25144
24723
24262
23836
23379
22908
22482
22067
21519
20717
19912
19233
18759
18170
17224
16424
15645
14442
14134
13596
13005
11588
