50924
44989
39476
36399
34856
32539
31280
30144
28707
27398
26530
25742
24964
24193
23562
22829
21965
21287
20799
20290
19950
19625
19282
18997
18806
18575
18372
18166
17957
17776
17645
17524
17410
17359
17318
17292
17255
17188
17155
17114
17054
16966
16939
16906
16872
16818
16758
16703
16622
16594
16577
16539
16517
16486
16445
16415
16374
16282
16218
16153
15889
15834
15769
15580
15517
15426
15367
15293
15149
15029
14825
14633
14423
14136
13860
13676
13484
13352
13221
13020
12784
12511
12192
11807
11397
10893
10493
10113
9662
9220
8685
8324
7908
7496
7197
6831
6419
5464
3692
1783
