106011
91834
82118
73720
70687
66788
64254
62251
59641
57382
55819
54056
52412
50998
49604
48070
46125
44886
43955
42745
42101
41542
40768
40265
39969
39562
39155
38834
38522
38263
38014
37881
37771
37721
37683
37642
37580
37499
37434
37370
37309
37205
37132
37058
36966
36880
36706
36609
36435
36327
36256
36166
36105
36022
35937
35828
35673
35476
35226
35002
34247
33895
33630
32984
32700
32469
32253
31946
31467
31002
30431
29853
29216
28441
27761
27274
26847
26492
26101
25654
24989
24176
23152
22127
20943
19654
18732
17690
16708
15628
14514
13770
12833
11817
10990
10289
9350
7611
4289
2143
