225793
220028
203339
176352
165592
157805
151134
146845
142366
138287
134909
132598
130482
127836
125262
123579
122107
119612
117107
115623
114178
112468
111051
109868
108855
108125
107396
106677
105908
105122
104237
103136
101856
100433
99333
98433
97555
96659
95800
94903
93941
93004
92203
91351
90338
89243
88182
87338
86533
85673
84865
84272
83615
83090
82598
82033
81565
81096
80456
79818
79174
78520
77898
77254
76541
75722
74969
74160
73376
72630
71871
71186
70547
70097
69520
68991
68502
67983
67490
67013
66472
65834
65059
64189
63393
62596
61617
60481
59076
57012
55064
53200
51012
48727
45983
42722
38898
33871
23580
14954
