107873
104278
97081
85402
80909
77568
74681
72825
70739
68760
67154
66014
65150
63990
62783
61966
61233
60071
58886
58121
57482
56812
56178
55659
55204
54803
54375
53965
53578
53193
52789
52363
51866
51352
50822
50239
49563
48945
48457
48001
47537
47071
46648
46214
45806
45306
44826
44422
44104
43727
43334
43020
42711
42454
42196
41888
41661
41356
41042
40779
40537
40212
39919
39633
39290
38907
38520
38054
37625
37220
36906
36563
36261
36026
35757
35532
35320
35073
34828
34534
34206
33852
33510
33082
32611
32150
31631
31027
30274
29254
28062
26878
25591
24222
22214
20231
18185
16069
11493
6976
