271664
119896
112867
105999
98728
95295
91999
90408
89434
88308
87288
86525
82763
78684
76578
74782
72451
70919
68810
67540
66359
65154
64607
63968
63566
63145
62789
62468
62130
61800
61529
61169
60550
60160
59641
59357
58915
58456
58127
57706
57291
57028
56592
56218
55797
55412
55020
54546
53933
53327
52664
51973
51387
50482
49677
48896
48232
47612
46872
46198
45442
44729
43921
43267
42294
41554
40551
39857
38873
38179
37041
36308
34892
34160
33423
32742
32052
31237
30405
29394
28419
27608
26752
25697
24883
24155
23345
22200
21094
20013
19110
18040
16703
15572
14619
13223
12315
11277
10233
9061
