76554
66112
58927
52043
49829
46982
45193
43774
42137
40590
39567
38334
37209
36235
35215
34120
32709
31728
30970
29926
29450
28966
28332
27938
27712
27420
27154
26913
26683
26483
26287
26195
26088
26048
26021
25980
25928
25863
25823
25767
25710
25643
25591
25536
25486
25438
25304
25221
25083
25016
24963
24896
24855
24799
24755
24689
24623
24496
24336
24220
23791
23566
23391
22896
22668
22549
22388
22213
21905
21615
21210
20827
20315
19721
19203
18906
18617
18394
18149
17826
17361
16842
16125
15465
14728
13961
13340
12632
11931
11209
10433
9948
9317
8662
8164
7739
7174
6045
3629
1721
