221277
85884
79880
74626
69533
67084
64649
63400
62603
61754
60991
60329
58294
55386
53999
52721
51128
50045
48548
47546
46665
45735
45297
44795
44452
44079
43793
43553
43319
43106
42923
42665
42352
42036
41641
41459
41189
40852
40590
40260
39964
39773
39484
39209
38868
38555
38277
37970
37565
37110
36687
36268
35867
35275
34716
34170
33666
33156
32602
32128
31607
31111
30531
30003
29331
28739
28067
27523
26881
26385
25662
25173
24389
23903
23403
22942
22501
21995
21463
20857
20267
19777
19241
18634
18132
17662
17088
16381
15566
14804
14235
13492
12527
11749
11035
10097
9568
8922
8326
7289
