647235
525596
497243
396679
381379
365920
341784
331594
321705
306887
298066
288994
276881
269219
266544
263636
259783
257532
256877
255032
253217
251578
248223
244278
239072
236038
232752
225529
223047
219615
215367
211744
208657
205467
199122
194059
191563
188801
185921
183432
178881
177234
175768
174287
173001
170671
168093
165879
164169
162767
161548
159876
156855
154102
152608
149485
147788
146534
144879
142054
140151
138461
136123
134564
132099
131458
130886
128651
127008
126179
124494
122511
121282
119965
117335
113919
112337
110127
108778
107483
105549
103787
102440
100044
98520
97625
96467
95235
94014
90895
87976
84807
83126
81449
76169
70657
58730
49485
42846
16642
