141314
60347
56509
52768
49590
47645
45886
44733
43896
43112
42352
41570
40413
38900
37994
37226
36257
35563
34668
34046
33470
32923
32611
32256
31953
31617
31365
31141
30903
30699
30511
30240
30062
29882
29613
29488
29300
28993
28750
28538
28361
28245
28090
27934
27791
27647
27473
27300
27110
26895
26666
26430
26177
25856
25543
25267
25044
24810
24558
24314
24005
23733
23417
23117
22725
22414
22058
21761
21408
21140
20777
20422
19951
19672
19424
19187
18932
18637
18358
18039
17720
17436
17137
16780
16495
16213
15808
15201
14600
14143
13793
13353
12619
12024
11419
10590
10322
9880
9302
8294
