90551
78591
69424
63519
60829
57102
54980
53195
50959
49090
47695
46277
44885
43629
42527
41167
39608
38466
37681
36618
36007
35481
34815
34371
34100
33731
33408
33112
32826
32600
32394
32272
32169
32107
32076
32029
31966
31916
31876
31811
31761
31690
31639
31565
31488
31414
31260
31178
31027
30961
30905
30812
30762
30695
30629
30561
30452
30287
30152
29972
29416
29169
28964
28424
28200
28031
27846
27622
27260
26929
26507
26050
25536
24898
24345
23954
23581
23278
22916
22592
22022
21398
20581
19727
18776
17821
17035
16232
15370
14503
13438
12798
11896
11029
10348
9767
8908
7394
4617
2172
