290895
140978
131966
123648
114492
110155
106407
104253
102913
101500
100094
98850
94889
91330
89105
87292
84547
82835
80536
79084
77585
76413
75727
74953
74449
73902
73436
73022
72564
72128
71787
71297
70557
70116
69619
69270
68768
68092
67522
67022
66578
66286
65814
65386
64973
64576
64102
63548
62914
62293
61639
60905
60267
59255
58382
57537
56827
56144
55273
54464
53696
52887
52021
51241
50252
49370
48360
47546
46597
45821
44722
43869
42485
41663
40879
40090
39358
38472
37581
36628
35654
34857
34039
33147
32356
31600
30616
29411
28111
26926
25896
24713
23082
21693
20511
18671
17576
16341
14843
13098
