193868
168001
160124
140220
135781
129034
122768
119480
115832
110585
108253
105155
102702
100318
98760
97208
95718
94451
93680
92718
91759
89686
88134
86604
83842
81772
80232
78685
77664
76779
76095
75023
74262
73439
72098
70737
69674
68604
67474
66444
65310
64525
63873
63058
62601
62000
61465
60993
60511
59792
59019
58423
57127
55650
55063
54373
53605
53256
52696
51838
51272
50428
49655
49046
48137
47815
47387
46560
45550
44921
44253
43602
43204
42758
41906
41112
40504
39537
38871
38547
38164
37884
37640
37384
37153
36789
36352
35752
35183
34455
33331
32302
31877
31111
29090
27428
25189
22765
19700
7317
