162639
70711
66253
61795
58016
55522
53344
51731
50641
49695
48643
47639
46281
44661
43534
42694
41498
40715
39748
39082
38426
37888
37515
37138
36835
36475
36113
35823
35511
35275
35050
34776
34524
34312
34008
33849
33652
33270
32905
32595
32408
32282
32102
31931
31755
31568
31386
31203
31011
30796
30587
30355
30089
29798
29518
29252
28984
28750
28482
28216
27947
27700
27404
27079
26737
26408
26035
25698
25371
25117
24799
24471
24041
23758
23493
23228
22978
22657
22358
22054
21763
21467
21129
20745
20447
20131
19700
19090
18446
17941
17481
17063
16234
15537
14718
13418
13209
12759
12263
11237
