176061
152969
135973
119457
114582
108361
104218
101027
97202
93592
91077
88268
85695
83453
81029
78309
75283
73168
71385
68922
67762
66657
65255
64321
63840
63128
62504
61977
61440
60937
60492
60230
60013
59938
59890
59816
59716
59576
59480
59386
59280
59138
59031
58919
58750
58652
58424
58259
57974
57773
57673
57482
57387
57286
57158
57034
56827
56607
56270
55931
54957
54335
53881
52613
52073
51808
51450
51033
50401
49717
48843
47891
46754
45512
44439
43697
43042
42479
41838
41098
40054
38779
37147
35455
33803
31801
30391
28881
27235
25584
23872
22797
21384
19851
18547
17460
15973
13359
8062
3622
