78193
37121
34780
32610
30518
29295
28246
27509
27011
26625
26193
25805
24932
24004
23431
22933
22279
21860
21281
20943
20566
20267
20090
19901
19758
19589
19451
19342
19200
19085
19003
18872
18730
18634
18515
18454
18319
18191
18079
17961
17840
17773
17658
17564
17436
17328
17231
17090
16935
16789
16614
16460
16294
16082
15850
15640
15466
15292
15098
14926
14729
14568
14353
14135
13904
13661
13370
13159
12901
12733
12451
12211
11814
11576
11391
11214
11022
10807
10580
10351
10137
9938
9738
9503
9301
9115
8853
8471
8161
7864
7625
7349
6922
6589
6257
5767
5569
5278
4991
4498
