18845
16484
14908
13747
13038
12242
11813
11233
10593
10049
9694
9415
9138
8839
8593
8311
7950
7728
7583
7422
7300
7193
7090
6998
6922
6825
6747
6688
6617
6546
6501
6457
6419
6399
6389
6373
6354
6339
6331
6314
6286
6250
6235
6227
6217
6202
6172
6156
6132
6127
6120
6111
6102
6090
6077
6061
6044
6002
5969
5943
5830
5806
5783
5720
5687
5642
5616
5582
5510
5459
5391
5306
5227
5104
4989
4925
4842
4788
4728
4666
4578
4457
4296
4155
4003
3862
3693
3553
3364
3189
2979
2840
2697
2560
2450
2317
2178
1871
1153
642
