40854
35304
31657
28681
27470
25699
24737
23916
22786
21742
21012
20360
19817
19209
18753
18201
17415
16839
16452
15974
15721
15485
15222
15069
14936
14763
14582
14434
14282
14145
14047
13984
13930
13898
13877
13851
13836
13804
13777
13755
13722
13678
13655
13617
13592
13554
13500
13461
13403
13376
13357
13327
13313
13295
13280
13239
13200
13105
13039
12977
12749
12670
12609
12440
12373
12317
12262
12188
12048
11911
11721
11517
11355
11057
10812
10645
10517
10386
10278
10133
9894
9632
9302
8948
8548
8167
7781
7456
7060
6631
6131
5834
5487
5204
4982
4736
4429
3705
2375
1262
