69418
61005
54187
48575
46603
43974
42406
41043
39350
37870
36775
35651
34640
33651
32672
31536
30282
29433
28795
27875
27423
26995
26445
26064
25862
25592
25359
25135
24941
24730
24547
24443
24338
24277
24239
24200
24137
24069
24030
23985
23922
23852
23822
23778
23717
23656
23552
23474
23368
23317
23262
23199
23154
23093
23036
22980
22904
22779
22638
22504
22076
21835
21686
21292
21089
20967
20825
20644
20387
20075
19729
19364
18981
18502
18066
17782
17515
17275
17024
16750
16344
15905
15305
14712
14048
13386
12828
12189
11488
10837
10097
9640
9027
8412
7893
7455
6876
5759
3482
1622
