38048
33288
29962
25769
24710
23441
22436
21759
20998
20012
19411
18777
18096
17559
17062
16493
15923
15424
14951
14349
14039
13759
13434
13227
13095
12912
12746
12604
12452
12304
12190
12105
12043
11986
11961
11941
11909
11863
11836
11810
11754
11667
11646
11620
11590
11574
11536
11492
11442
11416
11395
11361
11346
11324
11304
11283
11255
11223
11170
11136
11001
10935
10872
10648
10551
10506
10437
10390
10314
10211
10076
9918
9691
9488
9264
9119
9002
8916
8802
8673
8467
8270
7970
7705
7427
7105
6860
6574
6245
5902
5591
5382
5154
4869
4661
4422
4159
3601
2477
1286
