94290
90182
83724
74372
70890
68173
65738
64208
62436
60788
59465
58510
57755
56727
55657
54962
54341
53414
52497
51877
51359
50872
50387
49972
49551
49200
48789
48392
47983
47539
47136
46686
46261
45853
45394
44837
44206
43642
43191
42732
42287
41879
41497
41149
40817
40389
39945
39589
39287
38979
38644
38382
38111
37890
37690
37433
37206
36944
36727
36535
36325
36070
35815
35593
35327
35021
34671
34336
33994
33727
33469
33221
32996
32828
32623
32450
32313
32136
31913
31670
31373
31117
30802
30379
29917
29463
28925
28377
27651
26725
25680
24680
23611
22492
20838
19182
17304
15447
11146
7072
