47298
41281
36527
32384
31127
29153
28015
27005
25903
24786
23997
23303
22631
21978
21467
20837
20054
19430
18981
18344
17989
17682
17314
17108
16955
16758
16600
16440
16273
16119
15982
15922
15850
15816
15801
15775
15730
15686
15660
15635
15594
15542
15525
15494
15457
15415
15339
15294
15214
15191
15170
15133
15113
15091
15054
15012
14961
14900
14810
14764
14484
14398
14311
14040
13935
13858
13797
13738
13572
13448
13263
13034
12810
12525
12230
12056
11912
11776
11642
11460
11191
10899
10507
10091
9680
9259
8920
8527
8107
7625
7140
6844
6468
6106
5779
5509
5138
4381
2835
1362
