75663
57851
51611
48870
47184
45901
44511
36614
34239
30159
28964
28088
27332
26851
26279
25666
24823
24175
23629
23089
22530
21939
21264
20586
19964
19412
18998
18600
18164
17706
17332
16995
16719
16395
16102
15805
15542
15277
15061
14834
14588
14370
14131
13870
13606
13347
13113
12895
12673
12462
12254
12062
11855
11673
11494
11332
11137
10932
10749
10567
10394
10249
10089
9931
9783
9662
9518
9408
9279
9131
8978
8772
8612
8459
8261
8097
7886
7689
7517
7319
7113
6898
6651
6377
6120
5836
5591
5412
5230
5047
4864
4636
4347
4123
3860
3504
2984
2283
1562
662
