319249
274449
264248
230078
222991
211033
199396
193097
186298
176385
170536
164306
158286
153321
151533
149164
147340
145670
145207
143911
143006
141628
140063
138159
134506
132195
129960
127341
126148
124989
123830
122278
121179
119495
117549
115177
113205
111444
109410
107994
105815
104632
103708
102526
101740
100472
99542
98736
97995
97187
96506
95604
94086
92617
91691
90425
89161
88446
87469
85271
84250
83135
81525
80562
78697
78337
77941
76740
75770
75186
74253
73195
72463
71791
70566
69125
68213
67011
66133
65594
64789
64148
63762
63326
62915
62450
61919
61249
60390
59274
57740
55719
55034
54096
51362
48763
44669
40775
35715
12301
