371066
254347
228699
215559
207991
202065
196602
160687
149569
132328
126411
122406
118235
115240
111381
107904
103171
100320
97612
94901
91965
89124
85642
82775
80211
78015
75973
73830
71572
69318
67577
65974
64638
63468
62317
61130
59947
58949
57968
57067
56194
55284
54259
53253
52188
51146
50233
49407
48597
47796
46910
46118
45319
44496
43736
42935
42081
41101
40207
39379
38578
37983
37338
36714
36075
35467
34891
34402
33888
33391
32837
32100
31404
30713
29921
29244
28465
27748
26959
26133
25177
24198
23240
22276
21364
20342
19478
18822
18241
17603
16891
16029
15053
14241
13284
11980
10099
7715
5200
2122
