41674
37091
32896
29511
28216
26395
25452
24448
23316
22294
21491
20857
20235
19594
19028
18408
17704
17204
16835
16375
16101
15847
15557
15315
15188
15021
14849
14697
14552
14431
14326
14235
14144
14096
14078
14047
14022
13980
13951
13928
13881
13821
13790
13760
13732
13679
13619
13578
13509
13481
13460
13431
13411
13391
13362
13333
13283
13201
13149
13076
12857
12779
12706
12536
12428
12347
12279
12202
12078
11938
11770
11593
11417
11164
10930
10784
10625
10510
10382
10216
10002
9794
9509
9204
8867
8477
8175
7842
7488
7124
6672
6374
6009
5628
5358
5077
4725
3977
2474
1251
