85172
82808
76361
66374
62308
59352
56933
55392
53710
52151
50923
50063
49248
48212
47234
46674
46134
45216
44267
43737
43165
42611
42181
41746
41338
41066
40805
40537
40259
40022
39723
39330
38853
38295
37867
37522
37152
36832
36496
36137
35773
35361
35027
34666
34281
33855
33407
33060
32743
32432
32114
31887
31632
31431
31232
31008
30830
30638
30424
30166
29909
29663
29445
29217
28947
28625
28334
27977
27702
27378
27125
26875
26618
26426
26205
26026
25836
25636
25449
25233
25048
24815
24486
24174
23842
23561
23199
22736
22133
21397
20623
19957
19119
18220
17192
15915
14402
12466
8856
5640
