53485
46807
41487
38869
37077
34582
33292
32022
30397
28860
27822
27009
26162
25304
24707
23987
23027
22356
21931
21438
21152
20881
20557
20297
20095
19866
19634
19412
19209
19027
18874
18769
18687
18641
18608
18577
18561
18515
18481
18455
18422
18352
18326
18281
18244
18189
18128
18087
18022
17997
17976
17944
17913
17892
17853
17818
17754
17643
17571
17507
17256
17180
17118
16961
16889
16803
16745
16648
16494
16362
16120
15960
15742
15373
15099
14914
14727
14581
14437
14219
13958
13618
13204
12743
12255
11720
11249
10780
10283
9752
9076
8688
8181
7793
7449
7093
6613
5481
3840
1926
