50977
44703
39911
37295
35624
33226
32086
30712
29010
27683
26596
25876
25076
24351
23705
22929
21960
21382
20991
20530
20176
19872
19578
19337
19177
18990
18799
18604
18427
18301
18171
18087
17996
17964
17931
17888
17860
17824
17792
17762
17709
17640
17610
17562
17544
17472
17404
17366
17304
17280
17261
17227
17197
17172
17127
17080
16989
16871
16796
16713
16438
16366
16302
16141
16068
15962
15892
15749
15550
15397
15150
14963
14721
14404
14135
13949
13741
13594
13457
13277
13015
12642
12285
11899
11380
10907
10509
10007
9513
9011
8375
8002
7576
7181
6869
6573
6208
5166
3404
1728
