380667
262265
233706
219885
210353
202788
196488
162662
151693
134408
128159
123732
119042
115936
112123
108740
104181
101268
98604
95902
93071
90213
86791
83836
81097
78851
76789
74761
72570
70467
68761
67230
65834
64538
63283
62124
60948
59925
58968
58030
57130
56215
55248
54154
53075
52057
51164
50324
49495
48684
47888
47015
46227
45478
44799
44062
43294
42358
41515
40805
40044
39417
38756
38155
37524
36976
36415
35837
35299
34726
34117
33414
32737
32043
31248
30517
29741
29039
28334
27584
26622
25679
24673
23691
22679
21630
20750
20013
19364
18728
17992
17021
15875
14918
13826
12330
10352
7953
5359
2334
