198266
169462
161738
138086
134301
128008
121021
117595
113911
108453
105584
102127
99336
96519
95174
93705
92550
91326
90768
89893
89212
87913
86779
85613
83097
81278
79803
78134
77344
76587
75962
74921
74231
73347
72111
70846
69846
68845
67825
66872
65843
65205
64554
63761
63167
62337
61708
61206
60751
60121
59562
58971
57862
56696
56014
55267
54528
53998
53391
51712
51030
50311
49197
48486
47281
47055
46835
46145
45354
44929
44382
43728
43308
42936
42263
41576
41101
40241
39749
39453
39025
38693
38456
38216
37997
37624
37211
36673
36146
35352
34228
32949
32588
31919
30090
28682
26619
24111
20822
7132
