159331
138226
123547
108539
103834
98262
94530
91601
87957
84595
82386
79771
77341
75209
73086
70605
67911
65975
64362
62148
61172
60207
58971
58219
57785
57146
56602
56193
55718
55312
54946
54735
54581
54506
54452
54377
54292
54180
54071
53970
53870
53744
53661
53518
53369
53255
53008
52816
52530
52341
52211
52045
51940
51806
51677
51557
51324
51114
50775
50501
49527
48910
48516
47379
46916
46670
46310
45931
45297
44632
43775
42831
41800
40699
39668
39006
38425
37884
37297
36626
35665
34485
33032
31590
30037
28288
27003
25622
24196
22662
21103
20095
18884
17484
16366
15486
14160
11809
7102
3192
