120971
116981
107801
94526
88837
84882
81594
79447
77243
75112
73338
71946
70729
69190
67785
66889
65991
64734
63490
62636
61894
61112
60433
59891
59326
58888
58446
58025
57599
57165
56729
56226
55593
55004
54489
53946
53379
52844
52279
51747
51221
50720
50205
49736
49169
48442
47693
47091
46682
46180
45654
45369
45033
44764
44532
44249
44031
43856
43610
43397
43206
42932
42681
42453
42166
41867
41568
41236
40907
40580
40256
40002
39768
39587
39377
39170
38950
38757
38576
38388
38169
37926
37658
37340
36996
36625
36208
35771
35077
34066
33092
32313
31472
30613
29402
27835
26062
23885
17036
11480
