45245
39799
35229
32730
31285
29071
28000
26922
25507
24440
23721
23060
22386
21762
21223
20615
19823
19321
18964
18489
18174
17898
17617
17393
17256
17046
16876
16748
16588
16455
16360
16291
16213
16184
16166
16138
16106
16063
16039
16001
15950
15895
15867
15832
15810
15757
15668
15634
15572
15552
15540
15512
15496
15473
15438
15410
15336
15223
15153
15099
14848
14768
14686
14545
14448
14357
14290
14203
14037
13880
13647
13447
13246
12935
12700
12530
12391
12266
12151
11979
11725
11409
11021
10583
10135
9639
9210
8792
8315
7847
7304
6971
6515
6084
5753
5459
5064
4137
2572
1336
