122343
105315
93929
84454
80915
76208
73281
71088
68125
65378
63528
61643
59908
58322
56939
55218
53080
51511
50375
48732
47955
47238
46360
45814
45478
44937
44484
44087
43674
43314
43070
42901
42796
42733
42686
42623
42543
42476
42413
42349
42282
42202
42134
42034
41949
41859
41698
41567
41355
41251
41172
41057
40986
40923
40822
40708
40560
40379
40172
39974
39222
38860
38570
37812
37518
37313
37103
36818
36319
35851
35251
34537
33806
32924
32116
31661
31216
30736
30341
29875
29102
28198
27031
25837
24612
23261
22188
21060
19910
18637
17286
16474
15346
14223
13431
12659
11561
9517
5929
2941
