100687
45759
42416
39753
37181
35713
34476
33650
33043
32504
31910
31371
30235
29187
28425
27852
27017
26419
25680
25229
24799
24454
24206
23934
23729
23561
23368
23234
23087
22950
22813
22658
22493
22341
22144
22052
21896
21641
21376
21194
21067
20962
20837
20711
20571
20455
20314
20156
19978
19793
19609
19404
19211
18955
18708
18489
18313
18096
17853
17634
17403
17213
16966
16709
16453
16179
15878
15586
15326
15140
14860
14612
14228
13991
13797
13593
13370
13132
12901
12657
12465
12224
12003
11780
11575
11400
11130
10709
10344
9998
9750
9426
8889
8462
8064
7418
7204
6874
6483
5739
