39319
34453
30448
27664
26616
24933
23995
23239
22255
21356
20684
20103
19560
18957
18500
17969
17273
16750
16343
15827
15552
15309
15020
14822
14681
14493
14314
14182
14050
13940
13835
13757
13687
13668
13645
13620
13591
13552
13533
13507
13477
13421
13412
13380
13361
13329
13271
13245
13181
13158
13144
13116
13102
13087
13052
13017
12981
12923
12865
12804
12580
12517
12461
12283
12221
12160
12106
12035
11906
11782
11645
11478
11285
11032
10803
10653
10507
10413
10288
10162
9984
9725
9376
9042
8668
8267
7927
7574
7226
6830
6347
6068
5764
5446
5176
4884
4552
3845
2506
1158
