96585
92863
85355
75238
71068
67851
65346
63714
61934
60293
58877
57859
56928
55805
54749
54129
53495
52490
51471
50815
50234
49618
49086
48651
48249
47874
47538
47200
46849
46480
46095
45652
45183
44669
44183
43714
43214
42709
42287
41879
41417
40975
40499
40094
39701
39239
38703
38273
37937
37619
37270
37027
36792
36591
36359
36163
35989
35838
35614
35402
35169
34943
34733
34539
34319
34045
33807
33523
33251
32984
32752
32489
32282
32119
31935
31775
31612
31435
31248
31056
30871
30651
30404
30123
29824
29521
29109
28702
28003
27185
26372
25716
24960
24174
23107
21734
20304
18581
13509
9128
