240196
101960
95224
89063
82811
79722
76945
75401
74402
73371
72392
71580
68976
65753
64048
62584
60595
59353
57582
56390
55315
54255
53744
53107
52711
52319
51958
51645
51328
51079
50871
50550
50104
49761
49333
49120
48786
48319
47985
47611
47260
47047
46733
46408
46043
45743
45425
45060
44641
44196
43729
43227
42712
41998
41373
40707
40177
39632
38998
38363
37767
37139
36501
35881
35118
34474
33671
33030
32265
31758
30872
30267
29218
28627
28064
27500
27002
26408
25799
25059
24333
23784
23134
22347
21784
21244
20606
19761
18867
18000
17255
16413
15221
14235
13382
12213
11577
10851
10153
9141
