64147
56457
49590
46381
44414
41352
39892
38233
36299
34683
33481
32506
31477
30489
29710
28829
27736
26936
26396
25723
25287
24959
24579
24233
24043
23759
23554
23326
23119
22929
22760
22636
22523
22474
22437
22389
22356
22303
22256
22221
22160
22085
22060
22014
21979
21894
21807
21758
21684
21657
21635
21598
21562
21519
21475
21424
21346
21213
21113
21008
20712
20620
20519
20303
20213
20076
19990
19878
19659
19493
19214
18982
18709
18305
18003
17774
17564
17373
17185
16952
16624
16227
15729
15202
14637
13977
13448
12872
12250
11629
10883
10426
9851
9307
8909
8437
7926
6610
4464
2203
