36335
31489
28251
25665
24617
23082
22189
21440
20374
19492
18845
18306
17778
17285
16808
16266
15649
15189
14871
14424
14180
13964
13683
13490
13366
13212
13062
12917
12791
12693
12591
12523
12442
12409
12392
12373
12349
12324
12289
12260
12220
12164
12147
12105
12080
12043
12000
11954
11888
11865
11852
11821
11799
11772
11742
11705
11664
11586
11505
11444
11200
11117
11062
10900
10850
10777
10716
10642
10507
10375
10218
10052
9870
9649
9453
9326
9185
9071
8957
8820
8626
8405
8101
7792
7494
7140
6855
6574
6244
5893
5511
5257
4975
4673
4442
4221
3903
3302
2104
969
