118795
103253
91963
84476
81078
76191
73390
70798
67602
64836
62892
60960
59278
57675
56138
54366
52219
50778
49646
48292
47496
46836
46021
45370
45006
44515
44078
43712
43332
42968
42677
42505
42362
42291
42239
42161
42080
41993
41915
41849
41788
41671
41605
41495
41383
41282
41076
40970
40787
40692
40616
40523
40453
40373
40270
40170
40023
39777
39520
39293
38521
38171
37894
37268
37010
36772
36572
36296
35866
35391
34769
34156
33508
32650
31891
31420
30967
30548
30151
29686
28942
28132
27068
25996
24765
23452
22373
21267
20062
18861
17539
16677
15663
14573
13688
12955
11925
9922
6125
2933
