198548
170552
163053
140433
136447
129764
122637
119134
115321
109695
106659
103053
100055
97237
95909
94368
93072
91823
91345
90577
89811
88450
87288
86159
83630
81870
80443
78912
78105
77266
76604
75556
74796
73905
72608
71224
70109
69058
67906
66888
65819
65142
64524
63778
63211
62418
61797
61247
60744
60161
59577
58994
57940
56791
56137
55462
54653
54119
53520
51892
51228
50442
49339
48681
47623
47377
47111
46333
45590
45179
44596
43990
43555
43173
42455
41685
41168
40333
39749
39457
39009
38696
38473
38241
38012
37683
37279
36824
36305
35576
34482
33215
32798
32127
30302
28848
26683
24258
21062
7171
