93829
90549
83422
73007
69244
66301
63638
62077
60255
58513
57232
56320
55544
54520
53547
52959
52420
51438
50384
49818
49290
48734
48259
47810
47427
47132
46811
46476
46167
45836
45451
45039
44576
44003
43568
43121
42618
42157
41706
41311
40902
40537
40123
39757
39431
39043
38577
38240
37976
37708
37423
37189
36926
36698
36478
36273
36063
35843
35591
35384
35178
34902
34659
34425
34132
33782
33491
33088
32779
32460
32146
31844
31582
31382
31176
30979
30805
30601
30391
30206
29975
29705
29374
29024
28671
28280
27800
27320
26638
25696
24743
23819
22802
21761
20365
18703
17073
15242
10831
6789
