127280
120880
111627
99457
94541
90763
87607
85582
83321
81178
79478
78142
76940
75518
74165
73299
72476
71234
69935
69099
68378
67627
66966
66358
65847
65386
64844
64275
63730
63205
62626
61977
61319
60671
60000
59251
58449
57662
56950
56298
55662
55087
54424
53871
53368
52656
51866
51289
50908
50428
49989
49647
49278
48991
48729
48427
48218
48007
47760
47546
47352
47095
46847
46582
46269
45967
45655
45285
44919
44597
44271
43979
43719
43516
43307
43111
42902
42686
42474
42256
41984
41686
41375
40974
40579
40108
39641
38994
38103
37009
35864
34884
33888
32894
31458
29667
27666
25331
18740
13138
