91645
87888
81733
72178
68811
66234
63749
62179
60371
58717
57500
56542
55771
54818
53855
53205
52603
51727
50774
50171
49605
49083
48567
48179
47798
47452
47081
46730
46368
45939
45514
45062
44651
44270
43873
43408
42845
42349
41887
41466
41056
40670
40285
39948
39660
39254
38829
38523
38263
37932
37662
37421
37197
36980
36741
36513
36305
36068
35829
35645
35441
35197
34980
34765
34505
34175
33860
33517
33185
32858
32588
32327
32111
31906
31706
31515
31328
31161
30960
30718
30480
30196
29923
29553
29158
28711
28202
27648
26937
26016
24939
23866
22789
21566
19976
18261
16367
14573
10523
6540
