132922
114839
109126
93594
91022
86780
82695
80362
77970
74497
72841
70846
69211
67392
66254
64911
63894
62877
62314
61645
61031
59691
58711
57760
55936
54578
53482
52367
51725
51194
50781
50050
49534
48960
48149
47283
46687
46021
45336
44743
44071
43624
43210
42662
42359
41913
41518
41199
40940
40415
39927
39531
38723
37797
37349
36900
36390
36117
35702
35022
34622
34052
33521
33108
32474
32271
32034
31499
30841
30440
30052
29647
29367
29078
28544
28045
27636
26971
26568
26330
26051
25857
25667
25474
25305
25068
24784
24387
23998
23456
22703
21891
21631
21101
19781
18688
17324
15676
13406
4877
