124535
119662
110115
97197
91617
87737
84716
82769
80595
78628
76717
75221
73784
72066
70488
69502
68557
67304
65991
65205
64386
63544
62825
62233
61750
61320
60883
60352
59781
59332
58800
58225
57610
57028
56461
55927
55335
54733
54161
53543
52930
52387
51747
51174
50604
49806
49057
48466
48043
47466
46924
46594
46254
45985
45698
45425
45240
45067
44812
44621
44406
44142
43926
43709
43446
43187
42921
42608
42337
42015
41673
41400
41117
40903
40669
40468
40273
40077
39879
39664
39396
39131
38849
38551
38228
37885
37440
36927
36139
35120
34140
33346
32451
31613
30424
28835
27088
24775
17990
12790
