72520
62548
55601
50228
48102
45444
43597
42224
40604
38946
37726
36543
35481
34476
33575
32527
31295
30305
29525
28478
27952
27434
26871
26494
26282
25935
25630
25347
25082
24862
24696
24573
24471
24428
24387
24346
24283
24219
24167
24123
24074
23997
23957
23892
23849
23800
23690
23605
23494
23441
23384
23319
23278
23240
23180
23124
23058
22976
22871
22753
22412
22249
22121
21694
21534
21426
21316
21213
20988
20761
20455
20080
19681
19203
18720
18425
18174
17952
17735
17504
17092
16581
16002
15345
14664
13935
13364
12793
12118
11524
10796
10305
9718
9151
8678
8301
7748
6608
4334
2153
