271940
108861
101227
94595
88038
84718
81905
80241
79191
78138
77116
76228
73591
70014
68164
66530
64485
63143
61223
60043
58934
57773
57230
56609
56209
55787
55436
55096
54762
54471
54259
53944
53515
53134
52657
52413
52022
51515
51202
50828
50451
50211
49856
49524
49166
48837
48508
48121
47612
47101
46550
45984
45412
44558
43890
43175
42605
42009
41327
40690
40052
39403
38722
38079
37306
36659
35806
35180
34393
33823
32968
32336
31315
30684
30122
29578
29014
28399
27693
26976
26217
25590
24826
24051
23467
22915
22236
21268
20232
19337
18557
17626
16375
15403
14441
13162
12539
11660
10869
9630
