88963
85376
79279
70202
66654
64019
61747
60248
58580
57030
55792
54900
54081
53118
52069
51453
50820
49929
49028
48414
47890
47347
46850
46436
46112
45829
45470
45137
44772
44423
44021
43590
43189
42806
42423
41978
41451
40967
40531
40150
39774
39449
39083
38783
38471
38063
37673
37341
37058
36725
36411
36169
35940
35737
35507
35256
35082
34841
34596
34423
34243
34006
33798
33571
33343
33018
32701
32319
32010
31729
31468
31193
30950
30732
30546
30367
30204
30024
29838
29575
29332
29041
28715
28336
27937
27515
27028
26524
25806
24967
23939
22857
21819
20612
18981
17346
15573
13770
9891
6140
