120386
116607
108328
95028
89919
86155
82855
80701
78246
76043
74265
72981
71912
70587
69215
68326
67491
66182
64808
63875
63100
62302
61543
60967
60430
60004
59539
59084
58623
58158
57691
57135
56597
56027
55443
54881
54222
53579
53057
52562
52087
51607
51155
50775
50328
49731
49177
48751
48383
47917
47458
47121
46816
46520
46240
45950
45706
45417
45141
44888
44612
44269
43970
43653
43294
42909
42480
41989
41554
41168
40820
40446
40094
39881
39613
39365
39114
38863
38605
38305
38001
37647
37275
36826
36322
35830
35256
34609
33770
32630
31319
30073
28782
27405
25409
23294
21101
18783
13254
8058
