81543
71349
63006
56008
53534
50759
48824
47404
45732
44118
42961
41532
40188
39085
37772
36444
35102
34140
33238
32025
31431
30832
30081
29663
29392
29062
28713
28437
28171
27950
27769
27624
27495
27460
27426
27377
27322
27250
27204
27154
27081
26988
26937
26869
26787
26735
26644
26555
26437
26346
26296
26213
26165
26111
26050
25996
25916
25823
25664
25524
25129
24812
24603
24098
23839
23704
23576
23401
23139
22806
22437
22007
21458
20947
20490
20165
19889
19603
19287
18951
18468
17869
17186
16485
15787
15017
14395
13804
13150
12417
11729
11167
10365
9543
8951
8417
7737
6454
3808
1709
