108490
93401
83702
74979
71794
67963
65505
63445
60894
58554
56967
55162
53528
52048
50602
48894
46946
45646
44637
43253
42593
41963
41138
40603
40274
39829
39440
39102
38778
38521
38267
38103
37986
37923
37886
37839
37772
37704
37627
37565
37506
37397
37334
37248
37143
37059
36913
36800
36580
36465
36387
36281
36222
36143
36041
35952
35818
35651
35401
35200
34519
34125
33861
33157
32866
32647
32428
32155
31677
31218
30638
30007
29331
28534
27836
27353
26929
26514
26112
25652
24910
24155
23052
22081
21028
19821
18941
17923
16874
15773
14557
13789
12923
11885
11105
10445
9510
7771
4364
2180
