138741
119773
114761
99002
96245
91257
86348
83717
80864
76674
74309
71703
69326
67198
66351
65304
64487
63666
63386
62786
62353
61578
60756
59950
58259
57134
56087
54953
54443
53967
53516
52849
52428
51781
50986
50012
49178
48511
47669
47026
46268
45813
45416
44920
44528
43959
43530
43221
42945
42592
42248
41872
41167
40430
40016
39501
38929
38600
38192
37003
36537
36053
35300
34874
34058
33914
33759
33215
32737
32459
32096
31647
31346
31081
30602
30060
29671
29108
28751
28544
28188
27975
27826
27640
27454
27228
26968
26653
26340
25780
25015
24131
23847
23438
22292
21211
19544
17782
15441
5280
