67256
32003
30111
28120
26190
25143
24195
23612
23199
22798
22393
22057
21317
20532
20005
19604
19105
18739
18304
18020
17733
17485
17309
17160
17042
16901
16783
16677
16583
16483
16399
16274
16112
16005
15871
15801
15676
15579
15482
15376
15278
15206
15086
14998
14907
14815
14714
14601
14484
14373
14253
14124
14000
13839
13655
13472
13343
13220
13054
12896
12723
12561
12399
12231
12064
11886
11684
11517
11330
11214
11022
10836
10593
10415
10277
10143
9982
9793
9597
9404
9237
9072
8922
8722
8564
8389
8174
7876
7577
7307
7091
6874
6520
6227
5921
5352
5195
4972
4729
4336
