103772
100339
93013
81362
76942
73476
70620
68799
66690
64817
63361
62339
61443
60425
59362
58702
58078
57064
56062
55337
54732
54087
53542
53028
52598
52201
51789
51427
51035
50641
50242
49798
49282
48727
48257
47734
47169
46641
46142
45674
45220
44802
44355
43996
43634
43174
42742
42387
42031
41673
41330
41028
40793
40579
40365
40094
39871
39627
39372
39157
38905
38598
38334
38054
37763
37417
37057
36660
36309
35994
35628
35313
35024
34795
34550
34317
34125
33881
33656
33459
33184
32889
32563
32205
31787
31367
30882
30324
29591
28656
27662
26656
25585
24463
22780
20910
19015
16983
11991
7112
