88274
75101
71641
60415
58751
56141
53391
51892
50398
48211
47258
46028
44900
43928
43171
42377
41768
41118
40667
40247
39848
38946
38283
37643
36376
35483
34804
34085
33666
33300
33028
32605
32264
31896
31454
30954
30583
30170
29788
29384
29038
28763
28485
28143
27953
27677
27391
27152
26950
26605
26222
25964
25405
24767
24477
24175
23878
23701
23459
23036
22762
22398
22025
21720
21241
21107
20973
20607
20074
19802
19563
19266
19072
18875
18500
18220
18008
17611
17368
17220
17057
16923
16824
16695
16598
16435
16236
15943
15713
15368
14815
14278
14105
13749
12820
12088
11165
10058
8554
3231
