1561975
1499929
1195706
1112915
1036591
992835
941041
913451
892377
872258
854686
841369
822089
807496
795038
784382
751020
732102
706377
687136
674280
658775
646608
637745
629183
623512
617557
611159
603823
597952
590643
585684
577466
572224
566267
560250
555162
550654
546218
541175
536636
532179
528061
522284
517690
513577
509722
502861
496141
488643
479710
467968
458933
450424
439627
431207
419498
405802
394169
375420
363513
354865
347398
341487
335552
326488
315281
309518
303384
298019
294809
290517
284578
278916
275376
273342
271580
269733
267589
264754
261340
257495
252776
248823
246470
243447
240203
236730
232856
227868
220637
212090
207016
200674
186061
103644
88326
57001
39559
32913
