356602
326707
315013
271461
253789
241940
232905
227153
224108
221077
218105
216068
214220
211944
209991
208330
206654
204743
202963
200659
197699
194351
190276
185844
180839
175793
171494
167569
163536
159648
156138
152428
149081
146081
143498
140948
138894
137012
135430
133890
132266
130623
128746
126838
124853
122767
120693
118413
116201
113758
111297
108811
106308
103987
101620
99176
96789
94569
92395
90296
88396
86415
84663
82952
81302
79568
77930
76099
74209
72429
70581
68774
66666
64698
62665
60466
58589
56552
54182
51482
47901
45433
42809
40904
38752
36785
34880
32518
29792
25778
23329
20327
16658
12549
9165
5672
3309
1413
392
53
