739128
504943
401557
351529
347027
344130
337404
333368
326240
314438
296392
272778
253306
244972
242230
241305
234124
230694
225117
222971
222194
221647
220154
219013
218484
218163
217824
216947
216495
216051
214834
213183
212500
212072
211694
192751
188644
184308
182365
179333
175225
172096
169714
168011
166948
166243
165768
165158
164631
164225
163406
163099
162694
162205
161662
161256
160855
160383
159747
158717
157814
157128
156317
155308
152887
148745
144895
142257
140570
138414
135454
132739
130084
127103
124295
121749
119895
116478
111406
106624
103861
101017
98352
96175
94513
92726
90890
89296
87727
85585
82559
79818
75538
72181
69651
68102
65852
60494
49539
33859
