910387
879315
654807
593217
554315
533926
513478
500904
492100
483366
476292
470765
462842
456799
450584
445148
427045
417716
401077
388265
381914
374320
367585
363591
359501
357016
353937
350164
346010
343286
339685
337288
332703
329337
325559
321901
319268
317050
314920
312524
310110
307797
305294
300284
296868
294534
292208
288739
285256
281059
276243
269709
264017
259076
253192
248803
242567
235106
228659
219570
213216
208737
204406
201017
197800
191355
186384
183066
180346
177411
175602
172759
169275
164821
161984
160641
159655
158515
156887
154943
152713
149909
145874
142588
141097
139296
136563
133833
131152
127566
122736
116429
114189
110018
97771
66702
57705
31922
21324
17201
