1146821
1104387
848063
776770
725807
698793
669851
652512
639381
626566
615631
607119
594669
585435
576820
569597
546024
533107
512916
498106
489458
478495
469904
464185
458523
454902
450715
446152
440773
436952
431951
428630
422586
418615
414036
409673
406104
403014
399997
396884
393761
390702
387667
382590
378741
375633
372606
367927
363418
358290
351630
343446
336706
330234
322444
316510
308376
298794
290195
277168
268892
262723
256567
251900
247438
239967
232664
228484
224558
220451
218020
214324
209913
205160
202259
200598
199308
197938
196213
193979
191138
187711
183252
179718
177923
175846
173133
170403
167432
163624
158168
151390
148350
143591
131390
87180
73609
46361
31275
25830
