1103119
1031296
689989
636380
599944
579644
551913
517057
487631
460915
435234
409575
383275
359518
337356
320134
307109
298293
291438
286293
281475
277058
272634
268331
264264
259653
255303
251351
247858
244709
241767
239329
237314
235646
234098
232483
230914
228897
226523
224191
221700
217002
214143
209505
206496
203699
201066
197981
193515
189042
184041
178254
172541
166601
161518
157289
152371
148461
144318
140889
137870
135063
132272
129357
126554
123997
122133
120791
119892
119074
118333
117719
116912
116075
115322
114677
113962
113065
111705
109604
106785
103783
100899
97919
94676
91612
89151
86616
83291
80061
77250
75328
74038
72408
70288
67743
63952
60016
51794
38298
