900841
834785
575892
528692
497067
480464
457190
428689
404276
382767
361830
340454
318879
299324
281072
267000
256461
249334
243797
239569
235578
231824
228123
224464
220831
216852
213104
209621
206508
203709
201116
199000
197154
195733
194516
193319
192108
190687
188862
187039
185169
181988
179832
176591
174345
172145
170063
167691
164377
160969
157022
152400
147976
143235
139199
135823
132138
128990
125918
123202
120698
118400
116138
113779
111648
109735
108360
107244
106395
105607
104913
104275
103455
102564
101756
101116
100434
99650
98329
96439
93840
91077
88334
85487
82308
79483
77218
74752
71710
68867
66242
64479
63174
61554
59619
57413
54024
50088
42812
31690
