907505
638708
503229
440692
434522
429762
422730
417164
407327
391588
367936
337255
311141
299130
295050
293550
288267
284853
280706
278522
277560
276882
275399
274300
273547
273148
272648
271778
271199
270544
269159
267448
266619
265996
265385
249714
245073
240002
237556
233914
229125
225278
222067
219822
218324
217342
216762
215985
215336
214814
213848
213392
212869
212259
211501
210961
210351
209662
208718
207367
206013
204974
203771
202489
199445
194362
189461
185954
183621
180726
176914
173438
169889
165930
162388
159394
157020
152792
147393
142148
139108
135519
131674
128871
126687
124403
122036
119918
117801
114815
110446
107007
101669
97063
93302
90817
87762
80025
64897
44792
