1520081
1401157
936504
863862
811587
785348
746957
700178
661343
627293
594209
561180
527048
495677
466550
442985
424465
411431
401383
394075
387362
381316
375207
369150
363599
357362
351469
346185
341297
336853
332692
329285
326349
324078
322033
319925
317976
315655
312792
310052
307059
301408
297884
292387
288856
285560
282514
278748
273473
267916
261361
254085
246838
239513
233254
227964
222096
216961
211716
207290
203326
199532
196150
192506
188964
185696
183401
181540
180146
178972
177932
177046
175923
174745
173658
172757
171843
170513
168484
165068
160580
155845
151356
146444
141207
136226
132083
127698
121822
116497
112102
109118
107242
104765
101721
97973
92605
86330
75230
58122
