1606943
1502878
978450
901742
847514
816626
772811
719773
675278
636204
599279
563687
527747
495526
466489
443137
425309
413146
403878
396822
390264
384264
378564
373242
367672
361736
356295
351297
346751
342777
339027
335716
332955
330711
328675
326567
324237
321492
318060
314695
311341
305376
300939
294302
289967
285944
282338
278064
272200
266159
258974
251183
243573
235748
229083
223378
217216
212009
206970
202606
198721
195120
191798
188014
184348
181046
178644
176788
175459
174232
173113
171930
170564
168961
167511
166322
165137
163699
161526
158245
153939
149300
144931
140371
135381
130726
127028
123228
118250
113596
109357
106290
103924
100977
97613
93905
87783
81063
67930
50270
