783700
541707
425272
367640
363188
360653
356418
352156
344167
331020
310750
284604
263611
254856
251843
250841
246540
243421
240078
238112
237302
236736
235677
234695
234075
233694
233264
232357
231758
231181
230219
229078
228497
228101
227737
214087
209953
205755
203714
200414
196009
192385
189744
188018
186841
186103
185674
185152
184689
184299
183580
183212
182730
182193
181606
181139
180758
180302
179584
178497
177559
176846
176090
174975
172231
167521
163060
160157
158325
155932
152693
149702
146730
143495
140271
137243
135081
130846
124525
118232
114450
110896
107594
105292
103337
101284
99137
97321
95663
93411
90215
87128
82104
78283
75617
74091
71711
66554
55325
37934
