650737
432283
338565
294727
291360
289634
285761
282410
276254
265762
249986
229529
213422
206657
204272
203451
198830
195825
192302
190478
189750
189308
188376
187466
186852
186549
186230
185497
185004
184560
183638
182488
182028
181759
181505
167629
163513
159636
157885
155226
151770
148862
146627
145021
143910
143282
142853
142338
141899
141517
140789
140482
140085
139646
139197
138851
138531
138209
137681
136657
135760
135191
134559
133716
131614
128021
124597
122301
120890
118966
116395
114145
111733
108906
106227
103769
101986
98569
93805
89068
86429
83860
81521
79532
78074
76540
74834
73437
72112
70263
67441
64995
61367
58493
56233
54986
53237
49293
41026
28053
