1081752
998284
662960
606801
569157
549741
521425
486925
458032
432591
408224
383939
359346
337219
317459
302018
290521
282508
276350
271622
267181
263138
258936
254974
251050
246825
243066
239597
236527
233653
231040
228928
227035
225584
224124
222665
221159
219359
217060
214900
212504
208049
205271
200945
198057
195460
192897
190005
185875
181702
176903
171661
166202
161005
156425
152594
148321
144752
141191
138138
135370
132846
130420
127911
125463
123236
121549
120265
119315
118351
117476
116593
115593
114520
113526
112674
111824
110776
109237
106741
103696
100398
97287
94061
90541
87455
85071
82582
79448
76364
73606
71626
70088
68166
65976
63445
59467
54944
46555
34991
