1377161
1099326
891064
766233
750055
735820
718588
705214
685549
659497
623881
578814
546460
531634
525350
521936
515128
511972
506150
503405
501662
500145
498054
496525
495533
494540
493453
491676
489912
488240
485853
483124
481277
479299
477126
462875
458995
453993
450293
444174
437175
432795
429847
427741
426355
425376
424601
423737
423042
422429
421603
421039
420253
419087
417576
416240
414895
412854
410282
407837
405722
403280
400041
396841
391371
383277
375939
370027
365191
359495
352167
345622
338942
332382
326477
320658
315957
309160
301085
293511
288124
281790
275003
271209
267048
263366
260130
257069
253383
248216
242406
237432
230671
225233
219989
214899
207681
189484
157028
119789
