431319
395278
381101
332959
312460
298486
287889
281209
277529
274052
270581
267969
265663
263104
260733
258772
256900
254745
252684
250115
246890
243231
238489
233527
227910
222040
216804
212048
207229
202171
197856
192959
188745
185016
181777
178557
175957
173547
171521
169651
167729
165765
163520
161174
158679
156127
153536
150763
147879
144781
141531
137965
134453
131296
128158
124913
121855
118941
115954
113003
110329
107483
105054
102649
100426
98249
96118
93827
91385
89030
86642
84247
81744
79339
76792
73865
71408
68709
65736
62530
57468
53967
50106
47604
44704
42248
39942
37058
34008
29272
26399
22949
18642
14039
10111
6338
3715
1605
601
161
