1313650
1240125
913941
829540
781672
761125
744053
730521
716909
703022
690954
681449
664851
652746
641681
632456
587262
564471
538520
520609
510753
494483
483386
476409
467108
462862
457867
452854
444104
438023
429701
425148
415599
410813
406106
401247
397566
394522
391824
389288
386326
383027
380370
376220
373259
370767
368230
365400
361962
357062
351874
341634
333988
326280
315077
308871
300768
289230
281476
270843
263096
257350
251528
247088
242578
233898
228952
224601
221460
217785
215470
211501
204852
197616
193732
191607
189843
187667
184746
180115
174479
168057
160929
155826
153043
149435
145180
140687
135649
129731
122372
112440
109974
104681
85109
76488
69081
38296
28169
22220
