1176079
901262
736975
643576
632486
623201
608548
599710
584897
563682
532630
490963
458646
444964
440094
437895
428133
424489
416782
414139
412789
411637
409371
407808
407005
406340
405638
404240
403087
401961
399801
397149
395708
394314
392780
372749
369039
363893
361004
355525
348204
343621
340720
338726
337431
336624
336041
335258
334652
334110
333261
332844
332227
331299
330174
329172
328154
326555
324527
322577
321066
319289
316812
314372
309659
301460
294236
288677
284630
279135
271853
265388
259478
253734
248543
243672
239653
233588
225653
218327
213901
208961
204030
200958
197727
194538
191545
189025
186135
181801
177208
173494
167914
163373
159093
155487
150838
141219
121079
97812
