2095051
1627999
1332025
1166191
1145110
1129387
1108851
1092391
1065191
1024869
964838
883756
817958
790238
779824
775874
764620
759040
750151
745919
743442
741445
738486
736380
735006
733948
732821
730704
728841
726970
723716
719818
717480
715151
712806
685267
678309
669492
664438
655183
642408
633657
627827
624085
621714
620166
619196
617871
616840
615983
614589
613873
612867
611348
609399
607749
606013
603500
600283
596903
594165
591322
587352
583199
575115
560912
548079
538879
531982
523146
510757
499076
488054
476780
465634
454435
446728
434034
416723
400930
391175
381099
371671
365793
359621
353990
348682
343957
339075
332077
323830
316772
306002
297153
289785
283663
275124
256299
217044
167788
