3039810
2483293
2026292
1744217
1706047
1671045
1633321
1602454
1556258
1494492
1407798
1297644
1218647
1183202
1168887
1161662
1149223
1142973
1133482
1128113
1124393
1121314
1117740
1115024
1113004
1111169
1109146
1106033
1102856
1099458
1094458
1089345
1085413
1081178
1076621
1050723
1042809
1032450
1024267
1010177
994033
984034
977216
972519
969423
967263
965657
963905
962488
961192
959500
958365
956583
954049
950751
947818
944830
940209
934537
928964
924148
918560
911139
903456
890737
872460
855520
841968
831211
818057
800869
785679
770052
754967
741315
728149
717489
702300
683859
666722
654534
640363
625936
617242
608313
600265
592912
585922
577523
565548
552310
541258
526136
513269
501281
489519
474015
432843
357829
273479
