1218584
1132959
915882
846358
789460
759682
725068
706180
691064
675665
662969
653167
634231
621108
611231
603464
569502
548663
529215
514448
504518
488758
479148
472501
464114
459936
455564
451062
444496
439919
433529
429912
423443
419828
415506
411269
407623
404265
400927
397387
394135
390915
388104
384339
381128
377972
375070
369642
364938
359674
352524
343529
336883
330320
321898
315546
306956
296875
287988
273524
264730
258383
252600
247925
243491
236336
227823
223426
219078
214987
212695
209237
205451
201687
199497
198093
196926
195705
194179
192195
189658
186961
183733
181172
179450
177320
175184
172940
170445
167089
162202
156622
152985
148440
138904
81044
68867
45516
31300
25998
