1875686
1776767
1197023
1088767
1028480
996788
976236
961074
949036
937851
928040
916126
898719
884020
871397
860608
800547
772628
733012
701787
690684
672675
656543
649737
640112
635790
629927
621428
608742
602333
590379
584832
569475
562120
554048
547189
542902
539204
535651
532808
528650
524653
519396
506296
498787
495476
492650
489043
484611
478005
472385
459802
448215
438615
424048
416430
407385
392497
383762
368639
359560
354132
348395
343311
338468
327530
321906
316795
313149
308732
304660
299535
278869
256525
245213
241261
238954
235259
229571
223554
216086
197783
173664
160216
156194
151995
144163
137168
131609
124735
114618
103521
100956
93756
71672
62211
56259
25213
16687
13110
