1297130
1002500
813051
706723
694629
684974
671548
661706
645219
621098
584952
537349
502179
487004
481731
479263
472019
468707
462802
460230
458707
457491
455451
454050
453241
452583
451775
450304
448983
447688
445579
443067
441558
439895
438252
421076
417160
412102
408827
402638
394294
389152
385879
383659
382254
381332
380698
379877
379219
378673
377705
377269
376633
375717
374399
373291
372180
370350
368092
365932
364192
362239
359561
356740
351100
341832
333631
327522
322922
316640
308064
300839
293972
287202
281168
275630
271066
263998
254784
246254
241030
235347
229988
226320
222604
219047
215725
212791
209534
204562
199485
195249
188980
183697
178949
174979
169924
159730
136639
110033
