589447
545288
376543
348735
327375
316805
303939
286988
271667
257743
244161
230604
216766
204103
192307
182883
175486
170262
166358
163281
160413
157654
155049
152348
149799
146929
144099
141541
139348
137397
135631
134143
132878
131824
130923
129994
129146
128163
126961
125902
124742
122893
121476
119415
117913
116493
115079
113356
111113
108886
106265
103181
100046
96816
94058
91812
89136
87003
84738
82821
81067
79507
78038
76482
74978
73596
72626
71899
71395
70974
70599
70291
69889
69445
69066
68763
68426
67959
67236
66137
64629
62902
61234
59477
57559
55658
54093
52480
50297
48397
46644
45448
44687
43697
42466
40998
38946
36605
32260
24644
