1727703
1638588
1330085
1241202
1160962
1114147
1058100
1028588
1004582
982173
962649
947429
923064
904763
890193
877719
833738
807743
779339
757517
742219
721240
706694
696556
685479
679116
672231
665037
655500
648540
639465
633864
624481
618769
612036
605414
599743
594612
589343
584176
579501
574867
570612
564471
559578
555070
550806
542922
535813
528182
518361
506130
496378
487053
474774
465648
453065
438401
425542
405003
392363
382851
374359
367794
361229
350772
338482
332305
325576
319391
315912
311354
305685
299675
296125
293981
292205
290324
288154
285226
281555
277459
272519
268490
265748
262396
258756
255173
250900
245490
237753
228880
223048
216202
200782
111376
95635
62297
42136
35029
