1919809
1774505
1158204
1066170
1000564
967453
914076
850807
799554
755277
713034
672183
629953
591819
557466
529656
508336
493203
481617
473042
465291
458481
451561
444801
438333
431397
424900
419131
413894
408968
404478
400720
397420
394795
392354
389907
387371
384434
380663
377001
373208
365887
361159
353672
348864
344484
340582
336118
329271
321752
313452
304532
295408
286536
279064
272421
265187
259076
252884
247745
243138
238808
234785
230321
226213
222412
219521
217131
215362
213760
212234
210793
209076
207199
205467
204064
202662
200994
198341
194049
188357
182466
177082
171236
164804
159026
154435
149504
143137
137197
132193
128604
125998
122738
118889
114448
107458
99261
85022
65267
