641519
593852
421767
390447
367638
355544
340763
321678
304952
289287
274169
258618
242467
227388
213374
202403
194019
188087
183426
179961
176663
173519
170534
167644
164708
161645
158682
155886
153480
151299
149352
147676
146360
145276
144314
143407
142470
141452
140113
138872
137522
135172
133696
131503
129901
128242
126683
124913
122625
120126
117151
113876
110536
106914
103687
101178
98309
95926
93496
91432
89543
87877
86191
84446
82719
81194
80070
79226
78669
78174
77758
77383
76968
76541
76142
75805
75424
74905
74055
72818
71180
69337
67563
65655
63523
61563
59946
58202
55961
53830
51975
50727
49918
48880
47532
45852
43512
40904
35344
26375
