1164716
1111628
1080519
975916
935018
902500
866802
843882
831227
818788
806509
797862
789396
780133
772348
765530
758591
751041
744563
736915
726713
716891
704836
692089
679090
665739
653604
642199
631113
619935
609584
599751
589578
580498
572475
564769
558070
551272
545325
539618
533697
527334
520655
514253
507266
500131
493154
485972
478578
470720
462709
454337
445487
437194
429282
421250
413016
404848
396509
388847
381254
372860
365298
357567
350583
343549
336166
328058
319189
310896
302419
293721
284109
275404
266237
256540
248287
239147
230248
221246
211057
203067
194367
186931
175871
168066
159863
147350
134207
114240
102256
86809
68382
50198
34761
21570
12264
5294
1732
298
