1707561
1554278
1488194
1394901
1347849
1268843
1224682
1126760
1073677
1025892
990362
976455
956045
935394
923142
908577
888629
873169
862025
850277
836709
822446
809010
794573
782289
772543
758443
745267
734425
724652
716040
708791
701963
684734
674678
664277
657417
650415
644180
639406
634684
630165
623831
620541
615116
611503
608110
604739
601471
597724
594272
588921
585119
580461
572255
565437
555053
548772
539738
532822
527073
522270
517344
510819
505859
494611
488529
479157
465153
458334
453091
448791
443661
438594
432974
425205
418305
405812
395520
386493
376983
366780
358668
350929
338596
332076
321731
279141
270258
255271
243999
239147
236093
229036
207418
199249
189458
177401
152851
141583
