725400
672616
453949
417227
391772
378567
360159
336669
316552
298675
281522
264710
247506
231715
217748
206748
198820
193463
189272
185976
182913
180184
177439
174828
172247
169175
166461
164007
161827
159849
158008
156423
155107
154112
153098
152095
151080
149794
148157
146652
145088
142520
140746
137937
135996
134209
132569
130531
127679
124893
121651
118042
114269
110500
107206
104394
101137
98610
95897
93587
91521
89636
87838
85971
84109
82466
81317
80418
79773
79233
78732
78250
77636
77000
76390
75922
75403
74705
73673
72012
69890
67747
65681
63553
61130
58910
57139
55291
52907
50671
48724
47373
46344
45122
43648
42020
39379
36342
30536
21962
