536651
502783
488362
432903
411063
396119
382393
373907
369262
364789
360091
356884
354087
350598
347490
344915
342131
338808
335675
331810
326572
320743
313537
305594
296644
287637
279876
272944
265748
259061
253187
247506
242226
237788
234055
230400
227402
224461
222094
219744
217280
214588
211576
208462
205266
201917
198477
194701
190970
187156
183132
179184
175085
171337
167518
163874
159991
156550
153315
150172
147168
144188
141453
138689
136155
133492
130815
128024
125084
122150
119158
116071
112811
109541
106215
102624
99387
96005
92204
87919
81980
77972
73427
69701
65960
62336
58852
54740
50596
44855
40468
35005
28602
21857
15899
10003
5789
2549
800
124
