2665166
2466428
1775995
1618922
1525423
1473057
1395596
1304285
1227315
1159875
1094247
1027962
959280
896018
839674
795940
763960
741953
725385
712053
699120
686717
675013
664033
652599
639393
626864
615411
605310
596242
588361
581877
576578
572568
569133
566156
563182
559727
555257
550693
546099
539124
533927
525580
519530
514123
509108
503745
496412
488081
478021
466827
454768
442701
432208
423432
414357
405724
397002
389008
381566
374893
368817
362532
356330
350862
346523
342952
339979
337455
335150
332930
329900
326416
323336
320936
318491
315107
310036
302026
291694
281254
271145
260683
249013
237975
229470
220898
209852
199428
190468
184183
179408
173296
166678
159431
148770
134741
114251
84301
