754973
521086
411953
359648
354922
351860
345446
341329
334062
321739
303727
279633
259372
250758
247920
246887
240034
236687
231468
229283
228483
227896
226430
225174
224587
224188
223760
222905
222414
221915
220686
219068
218388
217905
217456
199511
195551
191230
189376
186286
182153
178916
176498
174786
173577
172774
172307
171695
171175
170730
169951
169615
169189
168674
168109
167638
167200
166711
165961
164906
163982
163312
162534
161534
159085
154843
150651
148008
146242
143990
140747
137766
134896
131859
129117
126417
124489
120923
115870
111084
108218
105136
102282
100098
98438
96459
94586
92937
91313
89130
85974
83262
79013
75566
72951
71344
69013
63521
52026
36665
