299396
232378
211168
187976
179262
173419
168377
156137
148692
141836
136539
134944
132614
130120
128931
127096
122598
120575
119353
117952
116710
114257
112381
110953
109457
108296
106565
104060
102436
100959
100119
99187
97604
89817
88331
85886
84889
84055
83206
82422
81049
80233
78823
78341
77506
77007
76519
75934
75400
74769
74278
73674
73147
71978
68083
66693
62903
61898
60868
59979
59297
58675
58065
56797
55970
53511
51816
48862
43628
42175
41441
40836
39914
39098
38299
37050
36024
33647
32373
31369
30394
29398
28556
27552
26647
25861
24765
22012
21023
19533
18555
18078
17770
17168
15416
14838
13851
12846
10626
9816
