876201
812768
580505
539622
509663
494150
474757
448707
425590
403388
382018
360437
338312
317618
298010
282417
270696
262456
256052
251113
246371
241883
237479
233290
229088
224443
219727
215485
211770
208501
205468
202973
200877
199263
197888
196547
195318
193845
192226
190679
189106
186427
184381
181620
179546
177456
175356
172893
169772
166471
162685
158174
153530
148794
144648
141155
137177
133951
130502
127559
124944
122537
120340
117962
115611
113438
111785
110576
109724
109041
108449
107973
107384
106702
106135
105685
105194
104481
103344
101578
99190
96440
93727
90837
87671
84740
82351
79828
76349
73213
70498
68536
67381
66005
64216
61927
58708
55410
48948
37573
