1755733
1326951
1069309
927399
911617
899393
883705
871314
849585
816513
766360
700001
649198
627426
619701
616461
608276
603378
596583
592893
590851
589187
586888
585107
584046
583152
582153
580598
579386
578183
575890
573193
571610
569934
568247
545364
539249
531616
526996
518484
507734
500246
495374
492165
490117
488742
487799
486676
485761
485002
483619
483072
482372
481309
479955
478861
477668
475841
473478
470873
468900
466708
463700
460326
452998
441274
431154
424059
419113
412341
402891
394386
386157
377850
370022
362680
357173
347937
334729
322104
314479
306767
299725
295101
290629
286049
281795
278111
274084
268067
260954
255037
245804
238324
231772
226634
219754
203432
169096
127216
