1188086
936462
781110
690661
677256
666823
648745
638281
622132
600307
569056
528318
496566
482556
477069
474437
461385
457765
448782
446099
444572
443314
440811
439124
438243
437506
436541
434697
433148
431516
428887
425680
424111
422420
420851
398812
395381
390296
387542
382685
376152
371808
369009
367103
365821
365010
364456
363654
362992
362498
361657
361200
360445
359254
357854
356541
355249
353283
350991
348758
346902
344851
342048
339260
334348
326249
318452
312195
307424
301422
293347
286274
279817
273484
267471
261364
256624
249730
241230
233265
228328
222780
216810
213298
209328
205864
202759
199894
196806
192441
187903
184096
178520
174100
169932
166391
161383
152662
133968
110130
