2252081
2075650
1503994
1373552
1295307
1252946
1191066
1115586
1050553
993932
938569
881192
822557
768937
720882
684009
656988
638340
624438
613262
602585
592194
582301
572824
562853
551914
541135
531418
522543
514859
507957
502340
497681
494178
491448
488786
486358
483346
479526
475541
471535
465631
461334
454717
449882
445383
441138
436779
430790
424073
415704
406250
396094
385985
377228
369773
362216
354692
347097
340195
333755
328022
322751
317201
311799
307101
303382
300364
297844
295654
293667
291837
289187
286272
283681
281645
279407
276482
272071
265075
256374
247199
238611
229611
219486
209958
202428
195007
185614
176737
168905
163266
159116
153603
147752
141296
131588
119289
101015
73646
