1094132
1036570
762419
692481
650381
633460
618718
607121
595828
584197
574393
566411
552886
542429
533014
525352
489700
470991
449602
435241
426957
413687
404526
398831
391592
387976
383849
379657
372258
367166
360493
356900
348990
345102
341222
337196
334068
331458
329255
327142
324691
322017
319721
316138
313534
311264
309195
306828
303912
299650
295159
286573
280110
273690
264449
259095
252405
242831
236168
227015
220560
215596
210579
206560
202643
195613
191330
187639
184957
181870
179963
176617
170580
164525
161250
159470
157966
156092
153395
149297
144634
139161
133107
128592
126127
122819
119168
115439
111287
106590
100626
93015
90967
86670
71556
64219
58111
31835
22895
17817
