2856550
2642802
1868084
1695128
1594606
1539461
1455455
1356836
1275549
1204107
1135025
1064814
992299
925879
866953
822055
789520
767373
750601
737227
724361
712147
700370
689178
677856
664760
652432
641344
631362
622369
614480
608042
602728
598733
595327
592051
588974
585039
580125
575185
569957
561224
555268
545678
538917
532832
527209
521236
512973
503952
493045
480624
467819
454977
444096
434672
424896
415620
406303
397930
389928
383017
376541
369834
363362
357541
353004
349240
346146
343537
341065
338712
335465
331872
328587
326117
323412
319801
314309
305679
294707
283717
273441
262742
250654
239446
231033
222633
212116
201952
193173
187150
182396
176183
169535
162177
150934
136624
115073
84072
