591530
496839
458683
413882
396062
380762
369670
340280
323182
307541
296080
292333
286496
280585
277544
273206
265371
260651
257601
254139
250669
245555
241362
237608
233977
231239
226799
221648
217839
214633
212401
210348
207527
195327
192204
187208
185120
183001
181261
179706
177312
175603
172829
171752
169857
168725
167659
166468
165386
164174
163204
161885
160851
159071
153287
150647
143946
141961
139669
137689
136299
135077
133890
131523
129952
125235
122111
117204
108421
105383
103693
102434
100530
98668
97037
94767
92519
88068
85346
82987
80778
78623
76779
74618
72741
70932
68066
63487
60590
56348
52975
51853
51093
49680
45778
43981
41267
38710
32196
29849
