3336904
3088859
2216287
2021826
1904746
1838131
1743738
1629428
1532085
1447166
1364558
1280691
1195549
1118311
1049445
996240
956919
929783
909163
893001
876916
861718
847478
834029
819640
803471
787952
773786
761272
750382
740345
732280
725589
720685
716458
712551
708667
704001
698009
692247
686330
677719
670968
660497
652824
645772
639130
632182
622586
612174
599325
584506
569361
554135
541122
529625
517702
506665
495566
485519
476181
467717
459948
451554
443421
436278
430810
426197
422410
419213
416373
413494
409766
405491
401818
398724
395595
391500
385169
375340
363018
350261
338041
325204
311290
298115
288006
277579
264500
252414
241527
233713
227934
220503
212352
203298
189382
171809
145144
106709
