728712
522595
417238
365853
360472
356230
350552
345948
337860
325059
306064
280054
256520
247007
243640
242358
238515
236141
233318
231691
230870
230255
229280
228508
228032
227717
227383
226739
226320
225898
224979
223833
223210
222630
222089
210828
207632
203997
202134
199021
194640
191293
189017
187332
186313
185687
185300
184782
184352
183991
183362
183103
182757
182286
181677
181204
180745
180077
179183
178122
177282
176461
175376
174198
171668
167142
162857
159908
157981
155495
151805
148197
145009
141627
138194
134725
132492
128505
123360
118351
115238
111827
108671
106543
104716
102755
100849
99241
97618
95248
92211
89728
85925
82711
80162
78412
75826
69745
57377
42716
