752532
711143
688272
614105
586242
564313
542367
528866
521621
514567
507214
502249
497981
492560
488073
484318
480393
475742
471765
466768
459833
452963
444192
434856
424905
414475
405442
397283
388973
380739
373573
366618
359781
353557
348284
342978
338744
334497
331054
327828
324341
320699
316601
312564
308221
303754
299240
294438
289680
284595
279400
274243
269007
263937
258895
253746
248505
243572
238644
234205
229850
225598
221485
217386
213600
209531
205284
200537
195638
190824
185801
180534
174873
169504
163997
158257
153175
147693
142505
136860
130929
125738
120186
115490
109214
104093
98789
91649
84030
73285
65797
56570
45284
33729
23885
14498
7954
3348
1121
211
