253169
202474
188823
172799
166130
158722
153460
140758
133861
127524
122825
121125
118770
116415
115163
113280
109457
107666
106416
105080
103697
101858
100345
98961
97618
96455
94783
92677
91325
90006
89094
88157
86868
81630
80217
78261
77280
76455
75763
75171
74297
73771
72978
72590
71989
71521
71094
70642
70240
69767
69316
68664
68121
67254
64846
63709
61391
60439
59392
58578
57918
57400
56874
56076
55484
53916
52955
51436
48843
47975
47323
46724
45966
45183
44342
43065
42030
39968
38524
37276
36104
34728
33551
32513
31407
30693
29621
27684
26677
25486
24385
23619
23075
22501
20558
19870
18834
17210
14235
12437
