1007425
938208
643192
592719
557518
538656
513558
482080
454999
430056
405920
382047
357300
335016
314955
299041
287275
279179
272891
268170
263728
259497
255260
251107
247123
242581
238368
234472
231162
228144
225256
222940
220964
219356
217901
216435
215041
213317
211368
209519
207381
203539
201061
197189
194363
191810
189248
186376
182515
178531
173884
168571
163326
157756
153060
149127
144869
141254
137635
134715
131899
129410
126907
124399
121958
119899
118326
117058
116109
115292
114515
113847
113027
112180
111360
110716
110008
109078
107714
105682
102814
99797
96857
93747
90417
87251
84734
82096
78588
75185
72409
70486
69120
67423
65381
62927
59384
55396
47635
34717
