1428486
1343848
1013155
922520
869124
846094
823948
807220
789782
772901
758176
746106
725992
711176
698297
687886
640743
615046
587537
569242
557500
539280
527503
519751
509727
504754
499250
493946
484848
478131
469111
464254
454294
449304
444200
439235
435071
431684
428744
425845
422614
419147
416338
412496
409587
406812
404189
401031
397246
392109
386267
375356
367162
358622
346600
339808
331402
319133
310402
298092
289563
282930
276324
271053
265813
257350
251551
246723
243242
239016
236502
232371
224974
217755
213959
211674
209750
207449
204307
199511
193623
186995
179666
174276
171128
166890
162142
157439
151939
145742
137612
127419
124581
118754
98211
85029
76248
45163
33018
26418
