1050986
866299
802693
730109
701522
666544
643033
593589
566102
541308
522730
515260
505985
497275
492481
484801
469505
462425
457507
452861
448310
439743
433801
428428
423114
419022
412911
404725
399406
394330
391044
387141
381005
356335
349888
341207
337237
333994
331145
328477
323930
321336
317364
315564
312919
311115
309395
307466
305539
303454
301627
298831
296256
292053
278635
272965
261405
257145
252122
248474
245725
243284
240802
237010
234196
226589
220837
212668
196435
192082
189307
186788
183413
180050
176461
170768
166692
156926
150290
145140
140579
135273
130734
126286
119030
115975
112039
96724
93683
89594
86261
82897
80358
77403
71121
68665
65433
59719
49630
42578
