672207
563165
525364
482214
463885
439473
423761
392567
375519
360259
348568
343802
337671
331597
327972
322797
313575
308587
305121
301616
298293
292569
288340
284370
280433
277452
273105
267909
264196
260780
258303
255600
251881
238271
234267
228908
226255
223931
221939
220131
217466
215678
212982
211748
210157
209002
207828
206577
205319
203984
202709
201025
199400
196788
189257
185879
179028
176191
173095
170666
168752
167071
165424
162847
160889
156252
152898
148243
139394
136743
134979
133356
131292
129097
126688
123053
120379
114362
110239
106782
103552
99793
96735
93717
89911
87989
85300
77206
75031
72025
69515
67215
65607
63552
56332
54224
51641
47361
39950
35038
