1099489
1031777
698031
646754
608742
587982
559890
525074
494818
466770
439908
413788
387992
364047
342090
325006
311877
303001
295958
290585
285639
280985
276402
272174
267725
263075
258774
254834
251347
248216
245333
242803
240662
238962
237392
235774
234067
232010
229621
227374
224814
220346
217404
212926
209927
207132
204428
201100
196669
192357
187359
181410
175626
169608
164382
160082
155295
151588
147608
144392
141478
138941
136369
133587
130840
128294
126519
125122
124130
123359
122598
121929
121089
120175
119318
118602
117867
116945
115573
113459
110706
107657
104729
101620
98358
95342
92835
90252
86865
83622
80812
78821
77432
75656
73485
70893
67213
63345
55154
41075
