341263
314737
304840
266717
251346
241029
233258
228288
225597
222858
220230
218375
216677
214689
212834
211230
209687
207977
206300
204072
201403
198245
194328
189952
185063
180058
175698
171751
167814
163973
160489
156964
153678
150842
148286
145838
143922
142048
140458
138992
137514
135889
134189
132447
130449
128425
126454
124289
122071
119545
116972
114327
111621
109185
106652
104196
101707
99362
97048
94720
92549
90348
88359
86480
84684
82839
81080
79275
77474
75625
73763
71931
69897
67975
65891
63519
61617
59502
57219
54667
50997
48262
44875
42497
39893
37642
35550
32909
30201
26361
23771
20668
16820
12601
9334
5960
3513
1520
501
83
