460721
437124
423523
380042
363654
350081
336553
328072
323301
318650
313828
310641
307746
304325
301517
298927
296388
293395
290878
287775
283532
279298
274090
268526
262528
256547
251283
246367
241527
236926
232721
228550
224300
220635
217392
214254
211600
208989
206682
204574
202439
200035
197481
195065
192367
189639
186953
184116
181268
178245
175136
171951
168522
165470
162231
159083
155903
152586
149240
146334
143601
140545
137745
134815
132196
129456
126648
123578
120192
117053
113834
110442
106767
103421
99942
96275
93121
89692
86512
83192
79778
76749
73437
70581
66322
63313
60217
55539
50612
43266
38755
32621
25486
18677
12687
7698
4165
1592
456
42
