828758
598074
473777
403346
398634
396419
393295
389379
381294
367349
345021
314369
287791
277304
273194
272074
268535
265705
263528
261741
260912
260315
259566
258787
258176
257855
257483
256739
256201
255714
254926
254160
253764
253446
253104
241979
238392
234568
232493
228407
223223
219248
216415
214719
213598
212971
212596
212130
211741
211340
210687
210313
209855
209368
208809
208380
208006
207623
206835
205673
204732
204104
203350
202192
198703
193004
187922
185177
183338
180673
177132
173824
170483
166817
162617
157817
154878
148902
140237
131758
126034
121033
116880
114262
112019
109611
107278
105418
103762
101424
98251
94721
89484
85539
82947
81440
78976
74306
61627
42697
