2310170
2155458
1372138
1261335
1183794
1139772
1078674
1004301
941473
886993
835748
786118
736723
691696
651675
619958
595737
579093
566392
556223
547454
539356
531986
524935
517530
509382
502318
495999
490328
484893
480027
475722
471990
468885
465953
462914
459764
455661
450683
445756
440845
432835
426708
416893
410923
405029
399636
393359
384645
376102
365972
354381
343034
331775
321875
313375
304155
296600
289179
283192
277682
272641
267802
262511
257395
252847
249509
246747
244824
243077
241404
239785
237647
235236
233101
231287
229566
227347
224054
219097
212888
206499
200449
194186
187323
180795
175705
170659
164028
158035
152630
148445
145278
141256
136688
131490
122957
113794
96249
70871
