1250403
1208195
912259
831058
777070
748791
719507
701452
688450
675423
664657
656248
644168
635115
625715
618326
592419
578724
556474
539421
530394
519470
510137
504336
498392
494767
490337
485186
479522
475630
470404
466927
460509
455801
450730
445787
441921
438873
435688
432410
428980
425702
422307
416303
411810
408597
405500
400742
396018
390481
383677
374795
367278
360414
352099
345859
337036
326389
317269
304127
295020
288689
282674
278065
273404
264884
257721
253215
249004
244819
242267
238401
233721
228022
224519
222745
221461
219952
218001
215461
212408
208925
204077
199958
198018
195544
192148
188757
185071
180320
173973
165452
162201
156761
141108
94340
81246
46198
31224
25310
