1136733
911518
747679
649059
637467
627461
615448
604818
588136
565472
532153
490629
461654
449068
444237
441834
437478
435079
431798
429817
428427
427300
425917
424902
424166
423443
422620
421250
419906
418457
416547
414532
413157
411622
410004
400055
397000
392982
390015
384719
378088
374077
371495
369794
368754
368069
367555
366967
366453
366001
365348
364878
364224
363243
361926
360662
359369
357621
355390
353231
351358
349269
346585
343668
338285
330041
322441
316607
311934
305778
297864
291060
284634
278296
272537
267338
262939
256530
248192
240354
235262
230134
225214
221787
218253
214980
211886
209175
206027
201455
196900
192854
187154
182328
177866
173850
168471
158197
136217
109265
