2566769
2376208
1673162
1525458
1438706
1390022
1317930
1232487
1160072
1096993
1035559
971935
905752
846291
792940
752237
721778
700956
685142
671888
658941
646791
635362
624305
612698
599904
587543
576282
566283
557547
549805
543710
538640
534896
531920
529210
526616
523415
519490
515332
511217
504798
499713
491584
485847
480709
475990
470933
463945
456089
446583
435654
424409
413151
403477
395135
386603
378146
369766
361994
354737
348333
342515
336480
330623
325353
321372
317921
315040
312622
310468
308373
305392
302214
299468
297342
294954
291837
287242
279858
270457
260655
250971
241023
229991
219653
211721
203539
193105
183417
175066
169209
164975
159483
153655
147155
137355
125007
106503
78797
