825233
568607
447132
387153
382095
378916
373978
369306
360980
347262
326378
299189
277028
267380
263961
262830
258512
255303
252072
249959
249035
248369
247253
246243
245553
245113
244623
243752
243203
242665
241559
240249
239597
239072
238598
224603
220242
215749
213642
209936
205170
201219
198385
196446
195172
194369
193888
193268
192729
192243
191427
191074
190619
190062
189455
188935
188489
187931
187106
185953
184956
184194
183247
182047
179044
174069
169312
166075
164041
161387
157735
154436
151226
147755
144448
141273
139083
134979
129246
123647
120247
116813
113560
111215
109280
107121
104948
103084
101380
98765
95364
92420
87815
83900
80921
79110
76550
70935
58688
41512
