1389268
1111665
901754
774340
758095
743296
725996
712704
692562
665468
627897
581189
547473
532204
525553
522243
516565
513449
508770
506136
504348
502805
500853
499465
498478
497592
496642
495224
493752
492286
490015
487563
485808
483932
481905
468923
465040
460044
456147
449832
442557
438039
435050
432991
431579
430596
429815
428972
428314
427747
426961
426474
425703
424503
423014
421736
420394
418301
415680
413077
410951
408508
405234
401775
396111
387837
380214
374217
369330
363506
356077
349287
342402
335604
329403
323165
318440
311671
303431
295706
290177
283780
277425
273682
269684
266120
262900
259838
256032
250783
244841
239954
233367
227741
222344
217068
210173
192762
160020
121583
