1443119
1272785
1196006
1099214
1056691
1001980
969084
889605
845626
804705
775540
765483
749886
734198
725775
714519
697065
685335
677396
668623
659038
646681
635888
625470
616332
608922
598144
586754
577877
570074
563857
558695
552767
532301
524906
514991
509526
504138
499347
495508
490681
486296
480203
477453
472449
469401
466609
463764
461125
458146
455541
451590
448744
444551
434415
428475
416074
410981
403746
398587
394483
390808
387066
381534
377231
366027
359187
347587
326762
319249
314887
311488
306741
302110
297570
291348
285436
274431
266927
260336
253614
246810
241341
235322
227395
222608
214751
193697
186697
176424
167863
164324
162181
157861
145642
140065
132554
123755
104769
97110
