1338487
1260328
1034347
963065
891808
851795
803949
780686
762544
745333
730777
719666
701300
687488
677063
668367
636567
617052
596863
581345
570652
555734
545566
538208
530063
525567
520836
515655
509003
504210
497964
494080
487549
483740
478986
474062
470011
466029
461891
457570
453746
450138
446801
442488
438989
435289
431720
424616
418199
411579
402716
392841
385419
378404
369589
362549
352712
342049
331145
312207
302200
294764
288200
283021
277942
270199
259473
254615
249254
244729
242044
238541
234099
229838
227276
225656
224211
222806
221210
219144
216510
213744
210432
207628
205673
203292
200853
198469
195771
192016
186124
180232
175772
170728
161105
81317
68123
45073
30485
25339
