3349973
3099525
2256594
2054962
1935266
1867654
1767994
1650359
1549270
1461934
1376599
1291623
1203982
1124167
1052486
997651
957515
930059
909822
893835
878713
864624
851023
838484
825288
810130
795564
782358
770399
759499
749866
741992
735340
730248
726022
722159
718233
713397
707255
700766
694424
685155
678201
667506
659682
652509
645780
638830
629346
618998
606571
592108
576858
561620
548114
536665
524755
513736
502724
492741
483453
475277
467493
459272
451322
444321
438651
434005
430102
426890
423781
420800
416732
412078
407829
404552
401147
396673
389986
379473
366232
352683
339832
326704
312488
298873
288330
278063
264956
252164
241139
232997
226370
218054
209188
199564
185201
167483
140025
99591
