1177894
920325
759650
668646
656249
646193
630430
620405
604801
583435
552355
511903
480679
467097
462065
459633
449184
445535
437119
434506
433013
431806
429427
427685
426859
426077
425168
423241
421634
419950
417399
414309
412712
410997
409302
388917
385329
380065
377153
372092
365227
360673
357769
355790
354585
353697
353118
352345
351703
351136
350192
349692
348915
347737
346282
344991
343756
341892
339701
337578
335784
333817
331211
328520
323516
315203
307426
300988
296283
290508
282780
276270
270237
264248
258970
254029
249656
243325
235325
227801
223147
217924
212640
209292
205488
201955
198824
196033
192917
188589
183976
180351
174642
170058
165747
162301
157511
149041
130598
106782
