804384
611579
493630
426790
420209
414577
407436
401226
390871
375633
351744
322324
300529
291101
287491
285966
282525
280496
278103
276602
275617
274925
274035
273293
272809
272415
271997
271273
270731
270187
269294
268294
267500
266768
266053
257485
254641
251655
249585
245707
240854
237517
235476
234130
233228
232667
232293
231847
231439
231133
230618
230383
230033
229534
228970
228502
227948
227151
226047
224801
223829
222812
221374
219754
216409
211172
206623
203451
201095
197789
193152
188838
184723
180492
176537
172798
169950
165289
158823
152789
148986
145304
141934
139671
137417
135156
133217
131452
129627
126750
123602
120841
116510
112849
110013
107605
104398
96984
80759
61714
