688064
477124
376891
328090
323765
320769
316782
312575
305047
293218
275227
251132
231475
223120
220290
219314
216246
213830
211617
209887
209089
208543
207801
207134
206616
206352
206020
205420
205008
204598
203819
202876
202370
201934
201522
191720
188360
184826
183135
180085
175904
172906
170748
169275
168322
167758
167372
166899
166519
166173
165594
165348
165012
164571
164101
163737
163360
162920
162230
161325
160534
159903
159044
158067
155660
151371
147661
145215
143600
141428
138302
135360
132436
129255
126141
123119
121107
117326
112204
107084
104088
100779
97977
95996
94236
92468
90827
89321
87798
85785
82995
80589
76677
73482
71142
69604
67454
62082
51051
37003
