3513115
3255379
2255325
2051467
1931527
1862370
1757617
1635467
1535148
1447872
1365708
1280736
1195106
1116999
1048003
995427
956905
929935
909132
891815
874778
858645
843708
829596
814137
796600
780188
765576
752692
741187
731062
722798
716066
711145
707193
703623
700135
695862
690574
685237
679609
671153
664146
652021
643696
636716
630267
623309
613225
602172
588702
573796
558553
543256
530464
519355
507842
496763
485271
474810
465432
456698
448977
441155
433493
426777
421294
416610
412650
409372
406189
403104
399027
394386
390156
386959
383578
379392
372988
362792
349653
336390
323214
309451
294280
280308
269435
258246
244378
231433
220325
212555
206967
199578
192255
183716
171380
155307
131046
95223
