880744
842243
823127
739625
709068
689435
666244
650258
642117
634447
626154
620234
615031
608720
603256
598810
594037
588455
583357
576917
568462
559047
547057
534207
520179
505598
492607
481227
469661
458417
448479
439312
430653
423333
416988
410997
405978
401218
396955
392870
388694
383967
379064
374054
368609
363132
357503
351687
345526
339202
332697
325994
319122
312862
306393
300102
293621
287647
281838
276342
271065
265803
260924
256054
251509
246736
242179
237360
232496
227443
222271
217044
211435
205905
200104
194003
188567
182601
176040
168439
157627
150109
141084
134027
126728
120162
114106
106852
98882
87639
79505
69435
57364
44456
32686
21215
12632
5646
1935
339
