1156251
1109308
1086866
981479
942797
918702
886393
864581
853783
843882
832521
824754
818453
809846
802229
796267
789672
781762
774680
765641
753702
739960
722836
704207
683674
662549
644240
628232
612157
596775
583729
571838
561110
551664
543509
536136
529813
523732
518243
513043
507866
502071
495706
489044
482008
474889
467635
460076
452380
443958
435500
427077
418271
410182
401971
393672
385502
378017
370789
363876
357473
351077
345069
339152
333716
327732
321736
315068
308405
301771
295061
288004
280480
272927
264969
256761
248905
240851
232463
223559
212053
202918
192333
183530
174066
164666
155646
145105
134330
119905
107999
93905
76990
59449
43683
28178
16475
7383
2529
439
