626512
463024
371385
324808
320110
315977
309651
305180
297778
286343
269344
247079
229613
221956
219203
218057
214371
212393
209296
207940
207174
206601
205476
204767
204326
203988
203652
203037
202570
202106
201271
200074
199413
198743
198004
188768
186600
183661
182010
179016
175017
172402
170667
169391
168629
168133
167807
167378
167010
166733
166240
166016
165713
165325
164827
164361
163888
163198
162270
161325
160579
159756
158625
157349
154740
150542
146699
144008
142190
139726
136220
133064
130005
126948
124046
121271
119213
115982
111507
107232
104632
101658
98733
97026
95322
93633
92114
90835
89353
87201
84666
82748
79776
77247
74977
73301
71109
66408
56029
44208
