373897
298026
278734
256242
246633
234663
226113
208229
198675
190141
183482
180811
177469
174098
172129
169348
163801
161286
159389
157536
155705
152984
150814
148713
146648
145001
142604
139726
137957
136153
134901
133475
131486
124120
121981
119142
117763
116565
115513
114571
113276
112455
111182
110578
109646
109064
108503
107936
107293
106608
105934
104966
104126
102653
99254
97316
93762
92300
90395
89233
88197
87294
86372
85160
84225
81934
80509
77968
73679
72179
71235
70346
69200
67932
66724
64801
63350
60070
57640
55669
53861
51869
50111
48422
46176
45119
43542
39726
38569
37043
35580
34183
33275
32295
29087
28083
26781
24158
20110
17368
