759644
529729
418932
362740
357879
354704
349956
345676
337877
325105
306132
280797
259315
250375
247189
246106
241890
238947
235976
234067
233176
232575
231542
230676
230030
229645
229263
228471
227974
227485
226569
225343
224769
224291
223831
210531
206672
202606
200618
197245
192841
189395
186877
185156
184047
183436
183044
182487
182030
181638
180859
180539
180138
179633
179041
178569
178161
177685
176952
175876
174949
174224
173280
172140
169308
164642
160272
157449
155501
153087
149913
146816
143788
140554
137362
134052
131839
127891
122326
116983
113566
109883
106458
104264
102314
100291
98341
96663
95055
92614
89535
86633
82327
78882
76231
74497
72153
66567
54571
38824
