1213633
1171698
876892
798849
748840
722830
697219
680754
668396
655731
644834
636418
624364
615132
605814
598072
571994
558063
536192
519528
510576
499698
490468
484669
478757
475091
470779
465797
460138
456252
450924
447335
440932
436267
431348
426553
422743
419454
416511
413347
410112
406941
403686
397762
393584
390563
387693
383422
379196
373962
367697
359009
351639
344990
336585
330503
322145
312009
303624
291860
283435
277399
271646
267120
262643
254410
247632
243348
239523
235501
233051
229187
224103
218349
214913
213216
211894
210291
208238
205632
202468
198796
193430
189209
187279
184696
181230
177829
174118
169503
163363
155060
152095
146839
131737
94495
81691
47661
33346
27195
