2996323
2780957
1989578
1817500
1715217
1655472
1570295
1469094
1382934
1306761
1232805
1157121
1079735
1009009
945276
896011
859823
834693
815135
799517
784355
769890
756280
743176
729536
713897
699171
685913
674165
663691
654416
646943
640698
636122
632401
629081
625912
622096
617334
612388
607325
599830
594032
584654
577817
571738
566084
560151
551880
542652
531600
518815
505432
492136
480790
470997
461027
451351
441518
432383
423944
416427
409620
402419
395427
389180
384385
380387
377115
374368
371825
369427
366287
362541
359234
356739
354084
350582
345098
336339
325115
313397
302466
290641
277724
265224
255807
246008
233600
221833
211707
204459
199401
192917
186106
178213
166586
152032
130199
95814
