1472925
1362856
942110
870817
822230
794783
759696
715747
678457
644003
611104
577245
542637
509631
478342
452276
432279
418532
408011
400152
392953
385923
379292
372845
366456
359476
352710
346564
341095
336020
331441
327598
324490
322029
319872
317740
315671
313352
310543
307996
305265
299944
296711
291552
287898
284485
281124
277270
272278
266694
260300
252955
245589
238137
231587
226020
219837
214410
208888
203991
199677
195766
192209
188360
184480
180924
178222
176227
174782
173580
172587
171751
170793
169706
168720
167971
167174
166054
164203
161229
157217
152972
148751
143873
138705
133686
129742
125636
119968
114961
110586
107527
105895
103903
101209
98015
93159
88103
79261
64201
