886646
624090
497026
435365
429204
424372
414298
408955
399810
384902
363166
335332
312526
302400
299011
297729
288011
284214
276929
274513
273561
272910
270871
269454
268768
268363
267883
266956
266435
265887
264295
262051
261203
260590
260045
236414
232067
226865
224581
220773
216147
212447
209661
207630
206271
205327
204755
203965
203355
202861
201931
201576
201114
200558
199894
199378
198823
198149
197241
195979
194879
193936
192833
191585
188765
183730
179220
176032
173923
171202
167576
164248
160794
156996
153679
150725
148466
144323
138797
133450
130345
126731
123415
120994
119018
116896
114736
112822
110822
108129
104244
101223
96540
92495
89438
87307
84400
76844
62411
43854
