1026291
719036
562860
479938
474583
472166
467602
462755
453199
436687
410550
375806
347205
335275
331124
329793
323923
319806
315911
313480
312360
311659
310549
309391
308508
307997
307445
306294
305537
304780
303544
302184
301622
301189
300805
282728
277652
272030
269480
265152
259247
254524
251167
248888
247311
246393
245895
245209
244590
244046
243033
242532
241910
241239
240547
240010
239539
239073
238086
236543
235145
234281
233366
232099
228425
222021
216009
212618
210497
207505
203440
199819
196113
191931
187442
183121
180144
174131
164764
155739
150167
145426
141348
137995
135528
132823
130091
127879
125850
122777
118581
113528
106463
101259
97967
96063
93216
87228
73260
48928
