916225
741314
603531
515330
505396
495505
483527
474059
460002
441468
415126
385095
365432
356827
352989
351015
346317
344173
340393
338538
337379
336393
335032
334056
333365
332802
332126
331097
330109
329206
327748
326094
324935
323779
322506
312285
309777
306468
303993
299793
295440
292663
290765
289416
288456
287781
287270
286712
286231
285806
285260
284891
284366
283656
282720
281915
281063
279795
278206
276612
275271
273721
271588
269302
265673
260720
256106
252416
249384
245624
240874
236609
232067
227575
223531
219689
216596
212128
206685
201795
198045
193857
189499
186955
184260
181803
179685
177632
175153
171452
167401
163789
158841
154794
151099
147482
142362
128518
104513
78465
