1139403
801633
639486
560668
552926
547697
537694
531131
519268
499342
469398
430304
397784
383919
379122
377416
367743
363093
355829
352974
351768
350912
348786
347157
346312
345765
345171
343969
343305
342616
340753
338303
337298
336534
335875
310323
304834
298438
295443
290750
284608
279558
275777
273097
271334
270192
269458
268558
267796
267114
265934
265451
264815
264092
263241
262607
261994
261213
260196
258643
257250
256084
254761
253172
249487
242898
236821
232526
229689
226110
221194
216772
212391
207612
203007
198821
195655
190119
182463
175233
170869
166280
161991
158631
155897
152958
149872
147304
144691
141230
136203
131925
125138
119477
115244
112615
108852
99586
81539
57383
