788804
554974
435565
378522
373107
369365
364048
359548
351631
338057
317695
291025
268025
257321
253697
252353
248013
244883
241770
239764
238853
238173
237046
236102
235420
234996
234553
233781
233217
232647
231504
230121
229378
228809
228305
215163
210858
206332
204131
200754
196353
192700
189736
187712
186326
185392
184843
184139
183568
183059
182177
181754
181247
180691
179990
179465
179022
178498
177673
176342
175113
174224
173219
171988
169436
164994
160542
157491
155339
152829
149571
146549
143476
140054
137054
134333
132253
128568
123821
119045
116265
113104
110017
107453
105458
103483
101353
99437
97600
95028
91325
88435
83900
80007
76859
74926
72491
66737
54574
38065
