725913
690120
670233
601708
575873
555517
534293
520772
513484
506402
499145
494151
489826
484306
479887
476059
472193
467500
463346
458152
451149
443756
434872
425597
415557
405278
396326
388100
379935
371992
364966
358287
351602
345617
340487
335414
331175
327187
323688
320389
316918
313336
309357
305377
301131
296911
292580
287907
283145
278167
273091
267944
262446
257437
252359
247332
242171
237361
232611
228137
223752
219203
215050
210809
206823
202820
198719
194059
189391
184862
180054
175190
169902
164963
159766
154059
149259
143994
138808
133098
126342
121030
115235
110345
104379
99498
94431
87481
80109
69613
62336
53097
42022
31260
21780
13450
7509
3112
914
139
