811997
563363
442886
384363
379124
375626
370454
365819
357474
343548
322719
295960
274551
265137
262014
260867
256541
253402
250161
248075
247122
246445
245375
244433
243777
243312
242856
241976
241352
240750
239598
238318
237604
237048
236534
222259
217849
213236
210991
207312
202832
199355
196671
194777
193402
192679
192179
191583
190952
190504
189638
189268
188827
188274
187587
187090
186591
186048
185178
183905
182932
182077
181061
179878
176911
172149
167646
164611
162518
160001
156632
153493
150226
146844
143751
140889
138629
134674
129315
124107
120800
117213
113808
111428
109506
107392
105238
103442
101561
98865
95405
92532
88113
84352
81418
79598
76978
71094
58456
41008
