823693
619671
530631
481144
473678
468587
447626
441915
433765
423145
409785
392920
379735
374272
371813
370420
343379
338382
320135
316288
315272
314453
310085
306568
305894
305325
304702
301960
300555
299261
295942
291125
289884
288758
287395
224160
220491
211360
209413
206008
202761
200595
199121
197696
196618
195211
194278
192476
191463
190835
188895
188481
187898
187070
185974
185001
184101
182788
181282
179847
178736
177529
175883
174242
171689
167697
163689
160235
157450
154281
150353
146734
143278
140368
137636
134609
132088
128660
125065
121707
119217
116126
111629
109724
107221
105292
103643
102030
100094
97711
95278
93144
89859
87570
85266
83321
80591
76259
67875
57066
