1300858
1199482
802383
738058
695468
672952
639472
598051
564248
534452
505884
477242
447531
419865
394845
375130
359913
349202
340901
334544
328663
323407
318189
312985
307870
302233
296881
292108
287802
283801
280118
276985
274397
272452
270698
268905
267246
265326
262916
260641
258205
253290
250218
245340
242113
239163
236397
233294
228726
223878
218248
212060
205704
199510
194148
189605
184685
180349
175989
172053
168458
165197
162197
158849
155765
153002
150876
149204
148036
146923
145977
145121
144124
142947
141905
141107
140368
139260
137410
134462
130484
126396
122347
118107
113325
108909
105422
101718
96577
91746
87866
85144
83412
81340
78985
75989
71348
66277
57498
44394
