1268880
1205410
900314
820303
772802
751711
731201
715993
701408
687178
674735
664731
648701
636768
625696
616711
577054
556464
532116
515033
504687
489655
479170
472341
463942
459590
454648
449828
441825
435953
428309
423973
415374
410809
406246
401749
398087
394961
392147
389429
386414
383303
380621
376565
373665
370907
368427
365319
361761
356865
351646
341778
334331
326646
315913
309613
301732
290713
282275
270579
262508
256264
250238
245491
240843
232080
226737
222231
219009
215010
212605
208576
201718
194953
191200
189107
187391
185353
182435
178093
172836
167053
160429
155527
152608
148887
144554
140228
135473
129823
122641
113962
111433
106429
89554
77177
68689
40350
29212
23325
