914122
619109
483327
421223
415443
411993
405986
401345
392880
378431
356913
328359
303201
291932
288119
286839
281223
277390
273327
270900
269855
269124
267670
266470
265615
265106
264544
263484
262756
262091
260686
258971
258170
257645
257141
239208
234059
228320
225889
222237
217473
213286
210014
207676
206158
205130
204517
203684
202919
202327
201170
200692
200136
199469
198701
198140
197603
197008
196094
194592
193339
192477
191459
190283
187361
182290
177435
174143
171838
169127
165727
162466
159193
155481
152394
149661
147419
143254
137367
131671
128200
124712
121407
118665
116604
114280
111888
109757
107693
104776
100511
96962
91403
86929
83455
81564
78873
72645
60198
39952
