2580876
2379693
1717550
1568012
1478506
1427821
1354908
1267956
1193066
1127863
1064646
1000209
934848
874833
821627
780588
750023
729070
713190
700488
688060
676375
665264
654826
643516
630512
618052
606996
597000
588181
580386
573991
568789
564789
561394
558337
555437
551890
547199
542521
537797
531107
525915
517875
511890
506578
501545
496208
489224
481246
471573
460166
448354
436653
426411
417559
408438
399999
391325
383718
376710
370248
364296
357955
351817
346441
342096
338382
335440
332905
330454
328123
325102
321507
318506
315984
313490
310176
305094
297272
287342
277103
267382
257166
245969
235520
227264
218744
207986
197915
189049
182610
177667
171366
164705
157393
146440
132494
111536
81174
