2843839
2296823
1868558
1608951
1574165
1541929
1507326
1478864
1436395
1379555
1299555
1199123
1127936
1095921
1082941
1076390
1065311
1059174
1050284
1045088
1041528
1038780
1035490
1032955
1031046
1029264
1027385
1024387
1021244
1018064
1013158
1008342
1004590
1000556
996090
969910
962178
951709
944085
931273
916639
907225
900789
896344
893360
891232
889667
887969
886574
885383
883709
882623
880961
878619
875614
872931
870195
865909
860552
855206
850922
845862
838854
831915
820167
803425
787768
775272
765435
753388
738294
724550
710519
696514
684096
672302
662818
648826
632170
616582
605453
592869
580192
572267
564079
556682
550021
543620
535850
524607
511998
501695
487801
475956
464794
453872
439352
401460
332183
252009
