1790898
1661555
1137671
1049677
989103
957125
911445
856668
809911
767705
727078
686260
644201
604361
567043
536778
514355
498397
486384
477162
468468
460309
452265
444582
436942
428056
419904
412408
405765
399654
393853
389244
385300
382330
379629
377074
374633
372019
368873
365847
362513
356299
352158
345826
341388
337449
333646
329209
322960
315987
308100
299369
290388
281520
273469
266958
259789
253635
247316
241713
236712
232078
227908
223361
219008
214983
211881
209458
207711
206173
204809
203669
202309
200863
199563
198546
197519
196118
193889
190218
185172
179456
173854
167740
161104
154803
149761
144333
137121
130280
124567
120835
118692
116132
112979
109242
103473
96746
85045
66600
