2307283
2226752
1680957
1536064
1433895
1377508
1316508
1282043
1257464
1234284
1214604
1199976
1178595
1162706
1146456
1133165
1087622
1063600
1022759
990233
973871
954328
936924
926151
915935
909292
901175
891232
881254
874504
865768
859444
848442
840041
830892
821792
814668
808881
802996
796929
790727
784686
778190
765362
756086
749967
744095
734859
725884
715598
703700
687872
673884
661477
647059
635677
619872
601014
584837
561780
544877
532848
521494
512981
504428
487885
474568
466182
458223
449738
444962
437347
429235
418498
411773
408541
405996
403278
399594
394743
389158
382441
373380
365546
361799
357267
350755
344204
337356
328369
316297
300212
294222
283935
253407
172787
148269
88348
60338
49650
