848743
608958
480373
405856
401507
399750
396430
392957
385469
372040
350288
320025
294273
283961
279789
278628
273936
270566
267668
265741
264787
264162
263310
262389
261720
261357
260976
260002
259359
258762
257950
257023
256636
256337
256105
241327
237200
232601
230445
226284
221072
216939
214132
212325
211148
210453
210018
209419
208924
208509
207643
207261
206759
206197
205670
205298
204982
204595
203618
202278
201374
200803
200179
199022
195332
189577
184465
181866
180140
177566
174167
171078
167613
164110
160163
155621
152748
146686
137477
128575
122584
117582
114152
111713
109690
107321
104976
103191
101587
99128
96067
92351
87194
83427
80999
79448
77144
73111
60755
41251
