2112808
1939214
1390421
1274964
1203418
1163966
1108747
1038886
978886
926885
876006
824255
771523
723943
681323
648324
623291
605797
592185
581058
570159
560020
550320
541178
531198
520170
509589
499926
491541
484141
477840
472496
468146
464832
462099
459676
457169
454244
450541
446798
443059
437668
433552
427410
422898
418513
414450
410048
404151
397695
389604
380250
370345
360856
352532
345081
337540
330481
323384
317002
310943
305564
300628
295246
290136
285451
281762
278688
276323
274279
272345
270544
268189
265504
263083
261120
259182
256489
252641
246559
239143
231169
223616
215471
206594
198403
191823
184881
176051
167836
160656
155421
151457
146309
141026
135155
125710
114280
96609
72653
