756076
584190
478750
418322
411269
405661
394906
389414
380046
366805
346872
321428
302219
294086
291241
289927
281521
279116
272323
270618
269760
269003
267150
265946
265430
264997
264477
263403
262470
261555
259904
257803
256845
255864
254833
240000
238000
234862
233059
229536
225012
222190
220365
219167
218401
217928
217603
217119
216759
216423
215922
215668
215259
214605
213791
213091
212370
211314
210055
208785
207828
206737
205189
203585
200415
195174
190326
186700
183998
180466
175682
171623
167764
164026
160674
157750
155140
151083
145934
141184
138288
135063
131855
129781
127543
125382
123531
121873
120048
117395
114547
112184
108578
105732
103176
101033
98212
93129
81466
66938
