518601
419350
385125
346071
330805
317344
307573
284278
270573
258084
248720
245855
241588
237153
234921
231360
223676
219926
217455
214822
212421
208163
204893
202163
199408
197204
194028
189713
186723
184130
182599
180903
178097
165432
162938
158938
157192
155571
154080
152704
150326
148847
146481
145594
143941
142951
142038
140954
140042
138939
138068
136821
135879
133871
127560
125176
118835
117021
114891
113277
111996
110881
109679
107620
106180
101782
98865
93676
84219
81277
79856
78785
77058
75401
73969
72012
70094
66127
63787
61781
59967
58098
56525
54606
52158
50559
48418
42858
40917
38274
36356
35490
34889
33824
30947
29749
27889
26110
21648
19840
