2708987
2507316
1758021
1594848
1501636
1449234
1370023
1277675
1200052
1134164
1069877
1004729
936505
875107
820192
778153
747365
725991
709745
696744
684323
672537
661459
650722
639659
627247
615701
605040
595500
586981
579285
573170
568081
564301
561006
558110
555099
551377
546786
542144
537405
530300
524860
515895
509820
504333
499245
493926
486468
478023
467869
456502
444595
433105
422963
414300
405170
396580
387827
380128
372803
366276
360329
354143
348146
342811
338499
334981
332129
329684
327356
325065
321922
318287
315103
312599
310144
306880
301779
293747
283428
273097
263328
253034
241469
230658
222307
214029
203496
193759
185305
179143
174409
168250
161810
154766
143874
130040
110041
80973
