1208903
1128044
717429
658891
620105
599269
568356
530836
498374
469811
442421
415197
388140
363549
341899
324760
312076
303205
296640
291685
287086
282793
278663
274662
270745
266343
262461
259115
256081
253329
250690
248441
246527
244904
243396
241710
240046
237829
235142
232591
229870
224852
221669
216589
213419
210360
207436
203937
199108
194615
189338
183061
176872
170895
165976
161578
156333
152282
148161
144739
141742
139095
136425
133658
130941
128500
126686
125327
124392
123549
122717
121964
120985
119771
118707
117853
116947
115804
114046
111442
108165
104813
101615
98376
94655
91158
88582
85925
82419
79219
76306
74294
72694
70768
68521
65885
61826
57155
48652
35572
