1146097
1068953
870090
806942
748497
716225
679547
660673
645996
631578
619436
610365
593469
581358
572425
565129
535553
517131
499727
486668
477628
464030
455217
448927
441348
437536
433430
429195
423184
418997
413259
409925
403972
400577
396363
392100
388536
385382
382157
378743
375589
372662
369939
366198
363102
360189
357223
351362
346286
340996
333863
325413
319367
313408
305828
299858
291693
282564
273895
259001
250675
245033
239613
235455
231322
224899
216483
212574
208624
204923
202825
199823
196282
192786
190762
189355
188233
187090
185828
184047
181794
179407
176436
173992
172430
170513
168384
166299
164018
160740
155906
150682
147056
142746
134033
69021
57924
38281
25971
21630
