1249273
1177180
944066
875798
817018
784012
746023
725254
709373
693556
680218
669876
652468
639705
629712
621591
589837
571374
551429
536017
525847
511471
501364
494421
486636
482414
477779
472651
465947
461187
454927
451122
444190
440177
435517
431003
427045
423392
419770
416050
412538
409122
405922
401347
397660
394372
391190
385369
379930
374205
366743
357389
350474
343944
335188
328819
319920
309531
300390
284566
275591
269102
263215
258552
253983
246331
237475
233117
228473
224211
221743
218406
214229
209900
207376
205916
204686
203352
201763
199646
196968
193957
189966
186944
185135
182806
180343
177869
175070
171481
166121
159897
156250
151646
141189
76906
65626
41430
28822
24051
