580768
404014
318517
274413
271130
269025
266306
263231
257418
247824
233107
212831
195253
188262
185674
184877
182381
180205
178527
177186
176586
176163
175606
175017
174533
174265
173966
173391
173036
172671
172037
171424
171090
170810
170525
162083
159020
155951
154496
151986
148469
145855
143901
142616
141797
141312
141028
140668
140313
140008
139476
139222
138875
138500
138101
137798
137515
137213
136715
135913
135216
134667
134069
133270
131211
127472
124113
122122
120849
119018
116545
114182
111758
109150
106409
103478
101778
98248
93133
88267
85125
82086
79560
77801
76349
74820
73345
72059
70911
69261
66954
64852
61513
58897
56973
55869
54129
50135
41483
29400
