1771067
1678448
1321336
1220824
1140440
1096137
1047484
1020597
998655
977664
959600
946003
923445
906138
892024
880426
834894
808617
777668
754731
740341
720009
705662
695996
685085
679019
672288
664814
655154
648494
639243
633742
623570
617485
610605
603863
598308
593407
588626
583758
579016
574408
569933
563075
557944
553442
549377
542311
535567
528053
518872
506068
496085
486395
473604
464815
452567
437557
424987
406074
393658
384707
376385
370114
363945
353504
342283
336453
330233
324533
321073
316417
310078
302839
298519
296061
294174
292118
289537
286172
281937
277008
270540
265403
262559
258901
254575
250390
245674
239599
231235
221098
215859
208395
189412
114968
99520
63018
43896
36465
