496025
459442
444591
394037
373348
359610
348568
341477
337807
334286
330544
327798
325465
322490
319793
317571
315350
312585
309889
306481
301998
296629
289978
282764
273858
265109
257853
251293
244746
238458
233145
227580
222679
218300
214645
211096
208181
205490
203068
200768
198434
195917
193110
190115
187090
184075
181065
177780
174445
170710
166711
162531
158246
154634
150932
147268
143575
139939
136330
132822
129643
126516
123695
120870
118231
115679
113017
110303
107408
104580
101731
98799
95660
92753
89603
85881
82909
79705
75958
71726
65135
61068
56236
53064
49402
46353
43516
40061
36633
31441
28237
24461
19642
14557
10576
6534
3854
1616
506
78
