1595076
1205173
973495
847070
832464
820967
806574
794547
774277
743807
698005
638044
591626
571766
564299
561232
554321
549797
544157
540838
538916
537456
535357
533776
532784
532066
531245
529918
528834
527737
525807
523349
521921
520310
518717
499165
493293
486466
482148
474749
465223
458602
454009
450924
448991
447717
446799
445757
444937
444231
443048
442503
441789
440810
439509
438465
437358
435623
433488
431025
429079
427024
424265
421248
414818
404441
395196
388775
384216
377968
368728
360409
352783
344841
337347
330223
325023
316365
304176
292285
285013
277876
271065
266591
262322
258178
254214
250851
247177
241665
235089
229699
221520
214538
208771
204077
197773
182650
151528
114126
