2046623
1577346
1287493
1127365
1107100
1091637
1070944
1055191
1028883
990046
931695
853335
790332
764384
754446
750535
739210
733793
724706
720441
717946
715978
713005
710888
709670
708651
707505
705568
703844
702214
699132
695479
693342
691230
689023
661332
654516
645916
640837
631783
619584
611111
605398
601809
599499
598031
597038
595715
594750
593962
592520
591853
590951
589579
587872
586326
584731
582366
579434
576149
573469
570773
566928
562862
554832
541164
528933
520162
513788
505213
493381
482195
471693
461076
450361
439341
431848
419690
403143
387635
378067
367958
358250
352547
346556
340990
336000
331614
326926
320031
312174
305403
294896
286432
279242
273289
264970
246054
206844
158975
