2134903
1974426
1423834
1305744
1231454
1190312
1133584
1064659
1004734
950697
898430
843960
788656
737399
691196
655021
628102
609238
594934
583413
572047
561102
550786
540731
530294
518739
507566
497575
488387
480571
473665
468097
463476
460168
457476
454942
452733
450012
446718
443488
439968
434234
430375
424185
419795
415687
411737
407574
401911
395279
387416
378316
368706
358942
350720
343546
336237
329127
321836
315115
308878
303270
298345
293008
287940
283414
279973
277184
274914
273040
271350
269834
267900
265627
263651
262133
260441
258104
254495
248757
241090
232948
225114
217011
207868
199424
192841
185882
176868
168519
161159
156259
152999
148576
143726
138142
130000
119903
104329
79063
