892547
831971
591095
549620
518943
502000
481941
455563
431579
408397
386330
364225
342252
321463
301525
285852
273800
265239
258829
253996
249471
245100
240508
236092
232204
227656
223404
219519
216060
212924
210172
207804
205785
204200
202669
201173
199692
198061
196123
194391
192359
187941
185653
182489
180188
177812
175473
172779
169286
165841
161765
156786
151821
146753
142302
138459
134152
130894
127296
124298
121588
119294
116892
114299
111914
109637
108049
106909
106129
105536
104948
104502
103981
103424
102916
102509
102061
101401
100417
98890
96845
94487
92184
89745
86986
84325
82157
79819
76857
74128
71697
70009
69147
67896
66166
64046
61090
58163
52032
39754
