294589
209906
168385
145985
143933
142612
140895
139256
136228
131285
123719
113278
103739
99813
98440
97970
96563
95512
94496
93821
93528
93273
92937
92604
92406
92272
92118
91867
91672
91504
91150
90721
90486
90286
90108
85914
84492
83033
82307
80948
79043
77687
76802
76171
75784
75540
75363
75160
74994
74875
74612
74514
74375
74219
74018
73831
73664
73464
73163
72784
72484
72218
71872
71435
70305
68258
66518
65493
64727
63798
62454
61086
59868
58585
57174
55702
54766
52946
50327
47898
46479
44966
43648
42745
41955
41125
40370
39753
39118
38263
37147
36004
34191
32787
31825
31125
30149
27960
23062
16602
