1624464
1540107
1235154
1147528
1071624
1029200
978219
951807
930252
909410
891578
877912
855264
838806
825759
815162
773612
750173
724279
703996
690704
671827
658775
649560
639361
633463
627238
620755
611861
605541
597395
592354
583214
578008
572072
566024
560732
556281
551551
546912
542433
538093
534053
528360
523651
519443
515343
508302
501663
494245
484870
472963
463635
454617
442543
433991
422215
408179
395681
376383
364184
355128
346944
340504
334327
324393
313175
307264
300845
294831
291514
286565
281094
275340
272106
270244
268620
266868
264860
262185
258857
255082
250589
246838
244555
241634
238279
235111
231256
226416
219637
211744
207106
201147
187191
109230
92518
61665
41560
34775
