792025
755665
735476
665395
638443
617548
594525
579437
571438
563713
555531
549921
545181
539172
534183
529960
525754
520567
516089
510633
503336
495579
485788
475538
464476
453058
442964
433755
424335
415586
407549
400146
392685
386232
380546
375031
370374
365973
362024
358485
354786
350835
346524
342256
337684
332994
328296
323235
317924
312291
306351
300242
294100
288349
282731
276967
271069
265577
260139
254952
250052
244820
240081
235262
230691
225900
221125
216010
210494
205356
199996
194484
188569
182933
177087
170666
165251
159378
153376
146911
139069
133009
126261
121075
114551
109137
103451
96003
87922
76022
68289
58515
46976
35086
24942
15370
8703
3625
1221
195
