655459
446183
351712
306374
302292
299435
295120
291413
284577
273712
257519
235858
217536
209912
207263
206353
202677
200238
197631
195953
195270
194734
193866
193142
192672
192344
191992
191310
190895
190517
189696
188640
188098
187690
187309
176010
172670
169038
167478
164788
161099
158222
156043
154541
153510
152853
152471
151985
151551
151135
150461
150220
149884
149496
148998
148692
148333
147932
147322
146522
145810
145214
144450
143549
141410
137509
133833
131482
129970
127819
124963
122354
119749
116952
114120
111414
109647
106336
101730
97404
94733
91927
89379
87459
85913
84260
82601
81171
79718
77729
74879
72645
68992
65848
63518
62149
60180
55318
45522
32512
