611963
582425
565323
508583
487019
468956
450021
437683
431106
424517
417937
413376
409293
404460
400541
397060
393621
389621
386215
382084
376579
371096
364366
357118
349612
342029
335462
329501
323422
317322
312013
306932
301739
297110
293007
288887
285416
281906
278883
276011
273102
270091
266759
263641
260194
256786
253337
249751
246055
242267
238264
233968
229722
225623
221632
217634
213417
209287
205091
201259
197479
193415
189731
185798
182272
178634
174991
170838
166304
161999
157701
152969
147950
143298
138560
133590
129251
124546
120281
115727
110848
106597
101802
97876
92121
87911
83493
77127
70247
60073
53489
44960
34704
25072
16985
10185
5705
2411
768
128
