1195843
1104268
722288
663397
626657
607278
578360
542233
512822
486814
461297
435186
408357
383749
361451
343486
329879
320158
312668
306912
301278
295898
290794
285497
280422
274545
269005
264088
259715
255627
251958
248978
246618
244808
243212
241761
240320
238709
236710
234751
232607
228336
225648
221393
218582
216037
213719
211034
206919
202480
197445
191949
186185
180679
175889
171898
167553
163544
159714
156142
152807
149736
146968
144039
141271
138681
136654
135078
133913
132884
131967
131231
130285
129283
128415
127664
126916
125962
124433
121939
118460
114770
111198
107295
102975
98932
95683
92092
87067
82474
78787
76323
74774
73170
71193
68765
64705
60474
53153
41984
