1362932
1022238
824336
717891
706149
697166
685267
675940
659529
633713
593980
542548
500278
482184
475555
473002
466202
462223
456691
453901
452328
451100
449230
447829
446968
446355
445679
444493
443700
442855
441173
438981
437801
436563
435339
416721
411614
405689
402331
396008
387929
382000
377878
375140
373306
372238
371473
370620
369943
369321
368258
367797
367208
366407
365384
364558
363687
362450
360736
358785
357151
355605
353486
350964
345601
336769
328751
323262
319651
314813
307591
301165
295039
288436
282062
275995
271685
264035
253318
242844
236461
230437
225021
221376
218010
214412
211029
208126
205047
200547
194921
190324
183089
176927
171731
167935
162856
149682
123367
90880
