1059553
995759
794705
735001
683568
655203
623211
606171
593056
580623
570123
562057
547604
537208
529313
522970
495617
479918
463042
450088
442271
429852
421579
416094
409435
405985
402183
398031
392523
388720
383423
380318
374535
371311
367294
363464
360244
357325
354539
351505
348681
345886
343167
339075
335853
333019
330316
325586
321006
316243
309894
301975
296073
290326
282776
277391
269833
261108
252398
238957
231057
225444
220520
216571
212618
205880
198628
194961
191112
187626
185569
182612
179099
175195
172959
171670
170666
169588
168229
166484
164368
161951
158985
156480
155065
153321
151064
148944
146561
143328
138695
133094
130055
126021
116526
64689
55145
33597
22479
18694
