1141024
1058252
854381
790673
736412
708009
675825
657925
643399
629281
617191
607960
590229
577649
568247
560941
529035
509789
491978
479007
470124
455557
446575
440340
432431
428573
424469
420189
413618
409187
403304
399880
393496
390037
385929
382039
378538
375293
372069
368746
365600
362576
359832
356264
353284
350297
347535
342298
337456
332314
325558
317084
310908
304855
296840
291119
283251
274022
265695
251300
243303
237287
231852
227677
223553
217153
209219
205244
201288
197598
195443
192361
188430
184946
182943
181571
180469
179256
177905
176040
173592
170977
167753
165306
163779
161697
159635
157644
155280
152021
147280
142057
138654
134428
125167
68760
58077
38148
26356
21839
