1389719
1341496
1027132
941232
881261
849453
814601
793260
777269
761630
748211
737772
723122
711933
701187
692302
663199
647387
622787
604341
593655
580875
570365
563607
556741
552280
547133
541534
535160
530632
524477
520436
513256
508197
502717
497485
493261
489512
485970
482245
478381
474665
471033
464650
459934
456158
452477
447042
441722
435267
427540
417403
408609
400636
391031
383568
373596
361728
351199
336013
325772
318304
311029
305354
299865
290115
282224
277002
272179
267133
264115
259475
254100
248287
244692
242623
241121
239464
237393
234512
231198
227106
221676
217288
215137
212478
208974
205553
201916
197047
190647
182157
178597
172439
157140
106982
91411
55623
37514
30700
