1337926
1263169
1012379
940360
875391
838393
796174
774117
757001
740221
726161
715232
697502
684274
673777
665308
633266
614205
592648
576335
565852
551371
540979
534070
526107
521693
517027
511867
505197
500390
493852
489915
482772
478516
473477
468543
464413
460529
456725
452645
448887
445295
441814
436679
432640
429137
425699
419147
413111
406791
398451
388461
380957
373891
364732
357683
348023
336874
326498
309074
299223
292074
285726
280715
275708
267923
257905
252907
247817
243169
240483
236555
231619
226664
223824
222098
220720
219153
217422
215189
212374
209128
204990
201536
199662
197420
194882
192215
189289
185667
179818
173132
169104
164113
153248
81461
68792
44633
30043
24991
