883799
817255
536491
493149
464593
449507
427020
399486
376303
355445
335626
315987
296086
278222
261879
249143
239439
232510
227221
223135
219287
215575
211699
207953
204469
200467
196832
193490
190559
187730
185280
183303
181627
180408
179229
178105
176941
175611
174024
172411
170773
167423
165262
161776
159549
157493
155610
153384
150035
146543
142621
138330
133961
129576
125821
122690
119216
116276
113385
110781
108368
106127
104201
102193
100200
98375
96938
95734
94882
94088
93398
92698
91901
91011
90138
89489
88862
88138
86991
85117
82503
79869
77267
74435
71366
68566
66353
64077
60923
58057
55522
53810
52695
51298
49742
47807
44847
41410
35085
26467
