2387685
2198160
1564024
1419127
1336377
1290274
1221986
1141649
1073039
1014074
957114
898876
838608
783849
735749
698747
671597
652878
638864
627733
616995
606984
597553
588475
579009
568470
558376
549288
541173
533824
527167
521894
517431
514088
511150
508401
505689
502331
497863
493261
488778
482088
477180
469709
464360
459356
454705
449872
443069
435602
426713
416404
405751
395013
386034
378114
369858
362008
354178
347102
340551
334765
329379
323537
317820
312903
308983
305679
302945
300585
298298
296041
293054
289735
286711
284391
281981
278755
273946
266464
257183
247906
239027
229920
219563
209838
202512
195252
186317
177660
170173
164549
159977
154125
147837
141088
130797
117666
98647
72270
