1377992
1272244
827108
758100
713330
690317
654997
612389
577741
547617
518320
488953
458562
430780
405149
384541
369114
358191
349679
343249
337408
332056
326614
321366
316124
310405
305138
300487
296244
292228
288587
285477
282917
281000
279185
277402
275652
273663
271190
268866
266276
261187
257966
252573
249156
246041
243243
239983
234855
229500
223339
216703
210131
203679
197982
193202
188095
183473
178950
174973
171422
168157
164981
161857
158736
155885
153747
152089
150790
149645
148578
147684
146511
145280
144177
143326
142421
141194
139375
136293
132296
128078
123928
119627
114663
110265
106714
102873
97768
93004
89088
86393
84726
82626
80197
77186
72574
67542
58644
45888
