1370084
1279604
846649
778935
730669
704337
669248
626071
587594
554192
522224
491194
460107
432192
407230
387412
372318
361904
353903
347994
342556
337585
332981
328739
324110
319236
314877
310854
307341
304080
300990
298342
296077
294166
292316
290376
288272
285559
282145
279022
275908
271018
267240
261734
258130
254425
250919
246670
240950
235449
229128
221630
214146
206777
200492
195088
188965
184311
179658
175821
172340
169196
166109
162792
159663
156687
154504
152952
151789
150800
149765
148791
147572
146131
144779
143683
142560
141202
139138
136228
132615
128608
124908
121069
117020
113063
110022
106948
103071
99296
95817
93383
91381
88956
86048
82757
77589
72077
61595
44507
