2832987
2315668
1896274
1636061
1600148
1567935
1533252
1504441
1461012
1402735
1320602
1217716
1143695
1110226
1096737
1089995
1079123
1073117
1064365
1059390
1055726
1052786
1049374
1046864
1045003
1043372
1041495
1038680
1035755
1032602
1027982
1023055
1019317
1015188
1010569
986074
978760
968689
961111
948307
933334
923732
917287
912953
910050
908069
906513
904899
903625
902480
900905
899796
898092
895654
892449
889670
886861
882475
877028
871593
867094
861888
854890
847762
835778
818512
802373
789604
779319
766755
750555
736223
721585
707477
694627
682445
672566
658207
640861
625224
613598
600403
587341
579446
571243
563776
556957
550552
542815
531295
518639
507901
493659
481497
470228
459140
444504
406694
336987
256643
