1823994
1424852
1160314
1018226
998665
982494
960987
945552
920476
883829
830734
761240
705474
680368
671316
667373
655751
650511
641721
637890
635727
633971
631305
629250
628086
627141
626105
624335
622903
621445
618601
615178
613201
611044
608951
584049
577919
569987
565071
557071
546865
539563
534458
530916
528613
527042
525966
524776
523783
522910
521591
520927
519975
518684
516921
515399
513844
511608
508775
505681
503100
500359
496470
492591
485325
473895
463216
454961
448640
441101
430963
421658
412784
403762
395752
388222
382266
373205
361401
350292
343156
335150
327392
322306
317329
312376
307789
303699
299137
292464
284457
278092
268568
260499
253312
247400
239325
219601
180336
134387
