375813
343435
330803
287224
268836
256337
247024
241147
237911
234695
231677
229522
227536
225306
223395
221618
220023
218071
216347
214119
211459
208456
204664
200636
196113
191559
187482
183574
179705
175783
172277
168196
164534
161367
158678
155782
153575
151409
149637
147985
146255
144498
142510
140522
138428
136317
134214
131935
129426
126821
123816
120678
117369
114643
111904
109250
106568
103922
101237
98479
95992
93412
91266
89182
87198
85188
83238
81260
79265
77369
75286
73212
70969
68868
66731
63889
61980
59645
56405
53025
47729
44936
41632
39502
37062
35126
33201
30798
28201
24447
22101
19266
15533
11686
8420
5140
3006
1186
355
20
