615603
405620
317074
276304
272840
270878
266136
263002
257474
248059
234270
216350
201643
195332
193097
192364
186752
183743
179326
177496
176781
176341
175165
174102
173563
173247
172917
172156
171710
171307
170340
168972
168469
168153
167896
152416
148601
144701
143107
140692
137434
134783
132697
131167
130183
129494
129077
128546
128083
127703
126980
126709
126343
125931
125435
125091
124796
124507
123967
123007
122267
121761
121206
120436
118609
115293
112084
109905
108552
106850
104650
102467
100410
98155
96066
94036
92566
89877
85884
82129
79921
77477
75306
73520
72253
70764
69214
67890
66619
64930
62449
60264
56749
53916
51837
50743
49074
45268
37174
25086
