1544101
1457098
1084932
987718
931547
907251
886051
868992
851302
833810
818585
806507
786230
771601
758131
747276
695738
668947
637870
617499
605220
585900
572726
564252
553297
548005
542126
536165
526132
519117
509525
504437
493613
488086
482673
477262
472906
469312
466076
463041
459569
455785
452692
448142
444799
441654
438778
435396
431287
425727
419658
407873
398910
389759
376938
369343
360005
346583
337133
324679
315523
308272
301195
295465
289768
279415
273313
268126
264383
259916
257190
252552
245084
236894
232519
230052
227988
225565
222197
216795
210390
203090
194728
188615
185234
180846
175792
170537
164535
157584
148680
137271
134220
127854
104865
93615
84306
48350
35137
27797
