833392
593273
469634
404247
398952
395480
390728
385772
376847
362479
340707
311522
288141
278460
274941
273659
269677
266642
263846
261756
260846
260180
259234
258420
257735
257331
256909
256043
255486
254928
253938
252806
252182
251650
251138
238637
234600
230275
228089
224235
219250
215618
212961
211122
209967
209231
208821
208289
207805
207391
206657
206333
205905
205394
204781
204268
203778
203189
202185
200973
200004
199186
198238
196999
193727
188550
183778
180809
178747
175954
172089
168567
165166
161498
157926
154201
151784
147225
140668
134384
130435
126480
122904
120486
118333
115982
113796
111874
110008
107285
103883
100866
96105
92189
89370
87400
84688
78586
65042
47311
