912334
860512
687803
635455
591092
566562
539057
524153
512867
502002
492714
485705
474032
465614
458956
453426
431806
419578
405097
393969
387165
376759
369728
364922
359628
356596
353317
349700
345083
341848
337450
334844
330154
327275
323791
320199
317296
314738
312075
309436
306957
304461
302146
298508
295711
293260
290828
286272
282468
278136
272317
265485
260317
255389
249099
244470
238026
230397
223016
211190
204471
199516
195055
191597
188133
181937
175360
172073
168594
165298
163402
160609
157505
154199
152298
151224
150369
149493
148363
146985
145216
143272
140797
138660
137421
135898
134095
132337
130146
127387
123355
118601
116098
112862
104654
60258
51430
32878
22388
18708
