2170666
2093193
2052410
1790265
1681443
1619215
1544038
1494173
1464017
1434368
1408487
1388890
1367922
1348698
1332613
1318101
1304835
1288797
1276341
1262671
1242771
1226890
1207897
1187094
1167750
1146603
1127038
1106407
1086535
1066936
1047972
1029962
1010051
993066
978513
964062
951162
937788
926083
915208
904667
890947
876853
865940
851108
835408
821628
806330
791056
774805
759236
743034
725749
710102
695210
680155
664699
650081
636375
623182
610240
596917
584510
571788
559745
547397
534908
522041
508411
495403
481950
468008
452614
437574
422982
407863
394214
380731
367945
354243
339900
327968
315482
303563
288536
275680
262093
243978
224596
199156
177693
149335
116307
84942
56679
32454
16861
6669
2068
340
