1934900
1485073
1198214
1041300
1023660
1009055
992204
976883
950872
912755
856174
782180
724623
700252
691245
687504
680812
675928
670875
667213
664906
663062
660962
659287
657985
657008
655883
654265
652854
651404
648997
646332
644330
642330
640275
621212
614453
606866
601820
593153
581607
573760
568293
564624
562250
560810
559815
558670
557642
556800
555490
554843
553979
552615
550885
549428
547874
545586
542753
539587
536881
534136
530404
526368
518715
505976
494316
486306
480220
472078
460371
449905
440165
429946
420293
411085
404527
393731
378896
365006
356440
347717
339544
334054
328672
323449
318537
314027
309277
302400
294459
287805
277835
269229
262002
255991
247895
229490
191186
145834
