1443463
1355784
1082170
1000741
933708
895932
853640
830510
812966
795783
781173
770103
750424
735891
724931
715975
677591
655769
632617
614612
603710
586764
575244
567616
558510
553806
548723
542986
534981
529811
522443
518199
509862
505308
499922
494728
490340
486212
482110
478106
474187
470459
466798
461014
456600
452784
449297
442878
436924
430288
421770
411254
403061
395247
384813
377326
367615
355734
344557
326016
315544
308058
301225
296084
290971
282220
272508
267476
262455
257951
255169
251134
245529
239695
236340
234495
233050
231517
229626
227214
224248
220487
215469
211648
209511
206933
203831
200884
197538
193171
187021
179814
175664
170265
157649
88351
75440
48172
31594
26105
