1015706
717359
568426
489211
482958
478775
473710
467896
456890
439156
412102
375974
347223
335116
330858
329423
325302
321601
318848
316558
315392
314662
313771
312801
312077
311578
311039
310031
309307
308630
307607
306401
305742
305107
304542
291010
285791
280959
278431
273867
267809
263309
260026
257746
256365
255518
255022
254339
253757
253299
252450
252020
251477
250779
249990
249431
248882
248176
247130
245560
244266
243249
241969
240355
236418
229733
223904
220166
217622
214209
209429
205030
200635
196034
191499
187044
184050
178521
170284
162177
157313
152464
147945
144868
142218
139485
136770
134455
132211
128978
124764
120998
114970
110112
106580
104338
101175
94286
78857
57235
