1431579
1350578
1022301
933268
880386
857718
835588
818767
801327
784139
768987
757108
737254
722129
708837
698308
651585
626354
598488
579018
566050
547609
534987
526675
516885
511699
505844
500162
490865
484010
474929
469929
460012
454751
449565
444406
440168
436637
433557
430726
427414
423832
421090
417112
414021
411169
408509
405399
401440
396203
390538
379968
371963
363537
351638
344451
335597
323173
314172
301734
293162
286351
279272
273971
268531
259636
253815
248885
245304
240892
238192
233764
226913
219895
216228
213928
211905
209648
206589
201818
196008
189563
182091
176691
173281
169025
164259
159478
153999
147879
139827
129941
126979
121279
100958
88205
78826
49182
35879
28860
