2108133
1933432
1330767
1198026
1126027
1086878
1026293
954182
894881
844895
796957
748125
697095
651674
612097
581926
560115
545455
534176
525294
516748
508753
501125
493715
486321
477929
469978
462755
456193
450258
444994
440670
437156
434494
432111
429832
427616
424724
420902
416898
412842
406033
401723
394610
389636
385094
380938
376581
370632
363971
356153
346917
337500
328327
320370
313363
306240
299411
292839
286924
281362
276285
271771
266924
262142
258065
254788
252039
249706
247680
245832
243923
241242
238243
235492
233374
231124
228117
223705
216845
208551
200373
192745
184826
175784
167576
161348
155130
147528
140323
134266
129775
126059
120887
115541
110171
101350
89969
74337
53622
