1171281
1095032
883264
817553
760429
729801
695529
676515
661298
646813
634031
624393
606967
594310
584962
577266
547575
528947
510728
497108
487660
473607
464504
458043
450376
446376
441988
437496
431343
427028
421228
417712
411723
408167
404030
399874
396276
392928
389615
386265
383056
379890
377173
373318
370190
367234
364176
358900
354091
348851
342113
333757
327459
321197
313100
307001
298682
289131
280295
265942
257527
251168
245372
240862
236432
229739
221825
217612
213305
209265
206922
203593
199252
195371
193023
191515
190289
188998
187477
185486
182946
180159
176945
174374
172642
170510
168314
166069
163514
160234
155439
149999
146545
142277
133006
75986
64152
42930
29561
24474
